1243 2 3 2 1008
1273 2 3 2 1008
1555 2 3 2 1008
1772 2 3 2 1008
1835 2 3 2 1008
1840 2 3 2 1008
1852 2 3 2 1008
2012 2 3 2 1008
2200 2 3 2 1008
2228 2 3 2 1008
2280 2 3 2 1008
2344 2 3 2 1008
402 2 3 2 1008
448 2 3 2 1008
515 2 3 2 1008
803 2 3 2 1008
954 2 3 2 1008
955 2 3 2 1008
1596 2 3 2 1024
1653 2 3 2 1024
172 2 3 2 1024
201 2 3 2 1024
2131 2 3 2 1024
2446 2 3 2 1024
354 2 3 2 1024
497 2 3 2 1024
751 2 3 2 1024
786 2 3 2 1024
953 2 3 2 1024
967 2 3 2 1024
1125 2 3 2 1056
1276 2 3 2 1056
1558 2 3 2 1056
2100 2 3 2 1056
270 2 3 2 1056
852 2 3 2 1056
886 2 3 2 1056
1244 2 3 2 1088
1434 2 3 2 1088
480 2 3 2 1088
663 2 3 2 1088
903 2 3 2 1088
1195 2 3 2 1120
2066 2 3 2 1120
2205 2 3 2 1120
2361 2 3 2 1120
2458 2 3 2 1120
1110 2 3 2 1140
2114 2 3 2 1140
1014 2 3 2 1152
1072 2 3 2 1152
1285 2 3 2 1152
1309 2 3 2 1152
1333 2 3 2 1152
1627 2 3 2 1152
1723 2 3 2 1152
1888 2 3 2 1152
1959 2 3 2 1152
2154 2 3 2 1152
2229 2 3 2 1152
2306 2 3 2 1152
2385 2 3 2 1152
2453 2 3 2 1152
246 2 3 2 1152
255 2 3 2 1152
292 2 3 2 1152
388 2 3 2 1152
403 2 3 2 1152
522 2 3 2 1152
541 2 3 2 1152
577 2 3 2 1152
592 2 3 2 1152
662 2 3 2 1152
728 2 3 2 1152
82 2 3 2 1152
1679 2 3 2 1176
1841 2 3 2 1176
1869 2 3 2 1176
2056 2 3 2 1176
2241 2 3 2 1176
2413 2 3 2 1176
580 2 3 2 1176
986 2 3 2 1176
1505 2 3 2 1188
122 2 3 2 1200
126 2 3 2 1200
1450 2 3 2 1200
1635 2 3 2 1200
2085 2 3 2 1200
455 2 3 2 1200
1428 2 3 2 1216
1445 2 3 2 1216
2346 2 3 2 1216
2422 2 3 2 1216
117 2 3 2 1232
1380 2 3 2 1232
1193 2 3 2 1280
1375 2 3 2 1280
1571 2 3 2 1280
1615 2 3 2 1280
1645 2 3 2 1280
1672 2 3 2 1280
1864 2 3 2 1280
1974 2 3 2 1280
208 2 3 2 1280
2121 2 3 2 1280
2220 2 3 2 1280
229 2 3 2 1280
2348 2 3 2 1280
289 2 3 2 1280
350 2 3 2 1280
472 2 3 2 1280
602 2 3 2 1280
686 2 3 2 1280
892 2 3 2 1280
965 2 3 2 1280
989 2 3 2 1280
1878 2 3 2 1296
1186 2 3 2 1320
1406 2 3 2 1320
1636 2 3 2 1320
1929 2 3 2 1320
2358 2 3 2 1320
763 2 3 2 1320
1023 2 3 2 1344
1030 2 3 2 1344
1062 2 3 2 1344
1164 2 3 2 1344
1362 2 3 2 1344
1367 2 3 2 1344
1514 2 3 2 1344
1553 2 3 2 1344
1577 2 3 2 1344
1651 2 3 2 1344
1728 2 3 2 1344
1859 2 3 2 1344
1995 2 3 2 1344
2079 2 3 2 1344
2149 2 3 2 1344
2178 2 3 2 1344
2186 2 3 2 1344
233 2 3 2 1344
2367 2 3 2 1344
2384 2 3 2 1344
2389 2 3 2 1344
2396 2 3 2 1344
2414 2 3 2 1344
305 2 3 2 1344
500 2 3 2 1344
52 2 3 2 1344
540 2 3 2 1344
611 2 3 2 1344
641 2 3 2 1344
666 2 3 2 1344
673 2 3 2 1344
706 2 3 2 1344
889 2 3 2 1344
902 2 3 2 1344
929 2 3 2 1344
959 2 3 2 1344
972 2 3 2 1344
1415 2 3 2 1400
848 2 3 2 1400
1040 2 3 2 1408
1113 2 3 2 1408
121 2 3 2 1408
1499 2 3 2 1408
1935 2 3 2 1408
2005 2 3 2 1408
2055 2 3 2 1408
206 2 3 2 1408
2112 2 3 2 1408
2119 2 3 2 1408
2163 2 3 2 1408
217 2 3 2 1408
2243 2 3 2 1408
2313 2 3 2 1408
2315 2 3 2 1408
291 2 3 2 1408
42 2 3 2 1408
462 2 3 2 1408
467 2 3 2 1408
517 2 3 2 1408
543 2 3 2 1408
573 2 3 2 1408
674 2 3 2 1408
754 2 3 2 1408
821 2 3 2 1408
859 2 3 2 1408
878 2 3 2 1408
1768 2 3 2 1440
2314 2 3 2 1440
2339 2 3 2 1440
2377 2 3 2 1440
779 2 3 2 1440
1385 2 3 2 1520
1533 2 3 2 1520
1053 2 3 2 1536
1074 2 3 2 1536
1306 2 3 2 1536
1966 2 3 2 1536
2089 2 3 2 1536
2398 2 3 2 1536
619 2 3 2 1536
766 2 3 2 1536
1666 2 3 2 1560
2001 2 3 2 1568
687 2 3 2 1568
297 2 3 2 1584
1432 2 3 2 1600
1640 2 3 2 1600
1781 2 3 2 1600
22 2 3 2 1600
2357 2 3 2 1600
1390 2 3 2 1620
1815 2 3 2 1620
15 2 3 2 1632
1906 2 3 2 1632
128 2 3 2 1664
284 2 3 2 1664
463 2 3 2 1664
1098 2 3 2 1672
1528 2 3 2 1672
1061 2 3 2 1680
1256 2 3 2 1680
1725 2 3 2 1680
1757 2 3 2 1680
1999 2 3 2 1680
2104 2 3 2 1680
2266 2 3 2 1680
2269 2 3 2 1680
234 2 3 2 1680
2425 2 3 2 1680
411 2 3 2 1680
572 2 3 2 1680
1221 2 3 2 1728
1338 2 3 2 1728
1361 2 3 2 1728
1600 2 3 2 1728
1794 2 3 2 1728
1997 2 3 2 1728
2147 2 3 2 1728
525 2 3 2 1728
606 2 3 2 1728
876 2 3 2 1728
1154 2 3 2 1760
1206 2 3 2 1760
13 2 3 2 1760
1329 2 3 2 1760
1495 2 3 2 1760
1650 2 3 2 1760
1791 2 3 2 1760
1912 2 3 2 1760
2080 2 3 2 1760
2296 2 3 2 1760
2297 2 3 2 1760
2303 2 3 2 1760
2440 2 3 2 1760
2463 2 3 2 1760
273 2 3 2 1760
435 2 3 2 1760
49 2 3 2 1760
561 2 3 2 1760
627 2 3 2 1760
447 2 3 2 1764
1173 2 3 2 1792
1189 2 3 2 1792
1565 2 3 2 1792
1572 2 3 2 1792
1790 2 3 2 1792
1793 2 3 2 1792
1846 2 3 2 1792
1917 2 3 2 1792
192 2 3 2 1792
199 2 3 2 1792
2078 2 3 2 1792
2263 2 3 2 1792
2418 2 3 2 1792
2436 2 3 2 1792
2443 2 3 2 1792
2464 2 3 2 1792
275 2 3 2 1792
298 2 3 2 1792
329 2 3 2 1792
367 2 3 2 1792
382 2 3 2 1792
444 2 3 2 1792
579 2 3 2 1792
65 2 3 2 1792
67 2 3 2 1792
743 2 3 2 1792
79 2 3 2 1792
80 2 3 2 1792
819 2 3 2 1792
920 2 3 2 1792
94 2 3 2 1792
1410 2 3 2 1800
483 2 3 2 1800
1031 2 3 2 1848
1525 2 3 2 1848
1862 2 3 2 1848
226 2 3 2 1848
2447 2 3 2 1848
317 2 3 2 1848
501 2 3 2 1848
569 2 3 2 1848
603 2 3 2 1848
676 2 3 2 1848
678 2 3 2 1848
943 2 3 2 1848
1126 2 3 2 1920
114 2 3 2 1920
1150 2 3 2 1920
1180 2 3 2 1920
1827 2 3 2 1920
2076 2 3 2 1920
2216 2 3 2 1920
231 2 3 2 1920
613 2 3 2 1920
652 2 3 2 1920
684 2 3 2 1920
796 2 3 2 1920
1172 2 3 2 1936
118 2 3 2 1936
1581 2 3 2 1936
1603 2 3 2 1936
19 2 3 2 1936
2045 2 3 2 1936
316 2 3 2 1936
369 2 3 2 1936
37 2 3 2 1936
609 2 3 2 1936
708 2 3 2 1936
1013 2 3 2 2016
1839 2 3 2 2016
285 2 3 2 2016
811 2 3 2 2016
1522 2 3 2 2048
2287 2 3 2 2048
2295 2 3 2 2048
492 2 3 2 2048
1778 2 3 2 2052
156 2 3 2 2080
438 2 3 2 2080
1801 2 3 2 2112
1989 2 3 2 2112
2124 2 3 2 2112
10 2 3 2 2128
107 2 3 2 2128
1721 2 3 2 2128
511 2 3 2 2128
792 2 3 2 2128
1083 2 3 2 2160
1921 2 3 2 2160
1982 2 3 2 2160
485 2 3 2 2160
565 2 3 2 2160
647 2 3 2 2160
947 2 3 2 2160
134 2 3 2 2176
1024 2 3 2 2240
17 2 3 2 2240
1727 2 3 2 2240
1783 2 3 2 2240
1871 2 3 2 2240
2109 2 3 2 2240
2246 2 3 2 2240
2390 2 3 2 2240
245 2 3 2 2240
248 2 3 2 2240
391 2 3 2 2240
741 2 3 2 2240
877 2 3 2 2240
884 2 3 2 2240
158 2 3 2 2268
1882 2 3 2 2268
549 2 3 2 2280
701 2 3 2 2288
829 2 3 2 2288
1028 2 3 2 2304
1085 2 3 2 2304
1108 2 3 2 2304
1128 2 3 2 2304
1205 2 3 2 2304
1211 2 3 2 2304
1218 2 3 2 2304
1360 2 3 2 2304
1441 2 3 2 2304
1468 2 3 2 2304
1594 2 3 2 2304
1890 2 3 2 2304
1930 2 3 2 2304
1931 2 3 2 2304
296 2 3 2 2304
362 2 3 2 2304
789 2 3 2 2304
854 2 3 2 2304
919 2 3 2 2304
927 2 3 2 2304
1052 2 3 2 2352
143 2 3 2 2352
1659 2 3 2 2352
1811 2 3 2 2352
1879 2 3 2 2352
1915 2 3 2 2352
1987 2 3 2 2352
2141 2 3 2 2352
2316 2 3 2 2352
759 2 3 2 2352
873 2 3 2 2352
1476 2 3 2 2376
1564 2 3 2 2376
964 2 3 2 2376
204 2 3 2 2400
223 2 3 2 2400
2290 2 3 2 2400
2324 2 3 2 2400
1939 2 3 2 2432
1045 2 3 2 2464
1087 2 3 2 2464
1115 2 3 2 2464
1266 2 3 2 2464
147 2 3 2 2464
1576 2 3 2 2464
1586 2 3 2 2464
1592 2 3 2 2464
1681 2 3 2 2464
1685 2 3 2 2464
1749 2 3 2 2464
1850 2 3 2 2464
191 2 3 2 2464
207 2 3 2 2464
2077 2 3 2 2464
2155 2 3 2 2464
2201 2 3 2 2464
2203 2 3 2 2464
2212 2 3 2 2464
2392 2 3 2 2464
269 2 3 2 2464
341 2 3 2 2464
503 2 3 2 2464
727 2 3 2 2464
837 2 3 2 2464
895 2 3 2 2464
918 2 3 2 2464
99 2 3 2 2464
1242 2 3 2 2520
1759 2 3 2 2520
1857 2 3 2 2520
2432 2 3 2 2520
537 2 3 2 2520
1288 2 3 2 2560
1481 2 3 2 2560
2130 2 3 2 2560
259 2 3 2 2560
2382 2 3 2 2584
477 2 3 2 2592
149 2 3 2 2640
1957 2 3 2 2640
2073 2 3 2 2640
364 2 3 2 2640
390 2 3 2 2640
405 2 3 2 2640
1117 2 3 2 2688
1176 2 3 2 2688
1258 2 3 2 2688
1320 2 3 2 2688
1437 2 3 2 2688
1535 2 3 2 2688
1770 2 3 2 2688
1834 2 3 2 2688
574 2 3 2 2688
737 2 3 2 2688
418 2 3 2 2736
2284 2 3 2 2816
395 2 3 2 2816
930 2 3 2 2816
1365 2 3 2 2856
176 2 3 2 2856
1099 2 3 2 2880
1116 2 3 2 2880
1167 2 3 2 2880
1326 2 3 2 2880
1327 2 3 2 2880
1529 2 3 2 2880
1590 2 3 2 2880
1729 2 3 2 2880
2003 2 3 2 2880
2014 2 3 2 2880
496 2 3 2 2880
593 2 3 2 2880
799 2 3 2 2880
371 2 3 2 2912
2129 2 3 2 2916
1307 2 3 2 2940
2190 2 3 2 2940
2292 2 3 2 2940
2399 2 3 2 2992
2406 2 3 2 2992
798 2 3 2 2992
1940 2 3 2 3000
2603 2 3 2 3000
1133 2 3 2 3024
1225 2 3 2 3024
1308 2 3 2 3024
1488 2 3 2 3024
1540 2 3 2 3024
1784 2 3 2 3024
2127 2 3 2 3024
2234 2 3 2 3024
2408 2 3 2 3024
2714 2 3 2 3024
2852 2 3 2 3024
3372 2 3 2 3024
3467 2 3 2 3024
3676 2 3 2 3024
3814 2 3 2 3024
4309 2 3 2 3024
4531 2 3 2 3024
4533 2 3 2 3024
4911 2 3 2 3024
5099 2 3 2 3024
5147 2 3 2 3024
5177 2 3 2 3024
5453 2 3 2 3024
5650 2 3 2 3024
5811 2 3 2 3024
5946 2 3 2 3024
597 2 3 2 3024
6016 2 3 2 3024
6181 2 3 2 3024
71 2 3 2 3024
891 2 3 2 3024
942 2 3 2 3024
2171 2 3 2 3040
2277 2 3 2 3040
4217 2 3 2 3040
5159 2 3 2 3040
1230 2 3 2 3072
1286 2 3 2 3072
1397 2 3 2 3072
2362 2 3 2 3072
2641 2 3 2 3072
2667 2 3 2 3072
3047 2 3 2 3072
3056 2 3 2 3072
3218 2 3 2 3072
3330 2 3 2 3072
397 2 3 2 3072
4156 2 3 2 3072
4237 2 3 2 3072
4358 2 3 2 3072
5452 2 3 2 3072
5703 2 3 2 3072
5744 2 3 2 3072
991 2 3 2 3072
2265 2 3 2 3080
340 2 3 2 3080
5396 2 3 2 3080
2029 2 3 2 3120
3793 2 3 2 3120
4614 2 3 2 3120
1082 2 3 2 3136
152 2 3 2 3136
2004 2 3 2 3136
2237 2 3 2 3136
2659 2 3 2 3136
2680 2 3 2 3136
3005 2 3 2 3136
3159 2 3 2 3136
3232 2 3 2 3136
3505 2 3 2 3136
3761 2 3 2 3136
3916 2 3 2 3136
417 2 3 2 3136
4288 2 3 2 3136
4336 2 3 2 3136
4556 2 3 2 3136
4761 2 3 2 3136
4793 2 3 2 3136
5262 2 3 2 3136
5314 2 3 2 3136
5505 2 3 2 3136
5507 2 3 2 3136
5521 2 3 2 3136
5605 2 3 2 3136
5683 2 3 2 3136
5710 2 3 2 3136
57 2 3 2 3136
5868 2 3 2 3136
6095 2 3 2 3136
617 2 3 2 3136
690 2 3 2 3136
817 2 3 2 3136
1067 2 3 2 3168
1259 2 3 2 3168
1323 2 3 2 3168
1334 2 3 2 3168
1355 2 3 2 3168
1424 2 3 2 3168
1730 2 3 2 3168
1737 2 3 2 3168
1828 2 3 2 3168
1967 2 3 2 3168
2068 2 3 2 3168
2549 2 3 2 3168
280 2 3 2 3168
2819 2 3 2 3168
286 2 3 2 3168
3607 2 3 2 3168
3796 2 3 2 3168
3964 2 3 2 3168
4011 2 3 2 3168
4064 2 3 2 3168
4129 2 3 2 3168
4487 2 3 2 3168
4667 2 3 2 3168
4697 2 3 2 3168
4825 2 3 2 3168
5319 2 3 2 3168
5458 2 3 2 3168
5546 2 3 2 3168
5571 2 3 2 3168
5651 2 3 2 3168
5822 2 3 2 3168
607 2 3 2 3168
6098 2 3 2 3168
6110 2 3 2 3168
66 2 3 2 3168
746 2 3 2 3168
926 2 3 2 3168
8 2 3 2 3192
2044 2 3 2 3200
2268 2 3 2 3200
240 2 3 2 3200
3449 2 3 2 3200
3567 2 3 2 3200
3820 2 3 2 3200
4748 2 3 2 3200
5055 2 3 2 3200
5503 2 3 2 3200
5606 2 3 2 3200
276 2 3 2 3240
3028 2 3 2 3240
502 2 3 2 3240
5403 2 3 2 3240
693 2 3 2 3240
1796 2 3 2 3264
2584 2 3 2 3264
2593 2 3 2 3264
4454 2 3 2 3264
5525 2 3 2 3264
4345 2 3 2 3328
5515 2 3 2 3328
1299 2 3 2 3360
1346 2 3 2 3360
1384 2 3 2 3360
1496 2 3 2 3360
1561 2 3 2 3360
1776 2 3 2 3360
1818 2 3 2 3360
1932 2 3 2 3360
2103 2 3 2 3360
2386 2 3 2 3360
2449 2 3 2 3360
2467 2 3 2 3360
2630 2 3 2 3360
3342 2 3 2 3360
3423 2 3 2 3360
3531 2 3 2 3360
3858 2 3 2 3360
4041 2 3 2 3360
4116 2 3 2 3360
4122 2 3 2 3360
4145 2 3 2 3360
4333 2 3 2 3360
4688 2 3 2 3360
4827 2 3 2 3360
4994 2 3 2 3360
5040 2 3 2 3360
5794 2 3 2 3360
657 2 3 2 3360
703 2 3 2 3360
1102 2 3 2 3456
1301 2 3 2 3456
1701 2 3 2 3456
1944 2 3 2 3456
2063 2 3 2 3456
2353 2 3 2 3456
2615 2 3 2 3456
3177 2 3 2 3456
3475 2 3 2 3456
3845 2 3 2 3456
4216 2 3 2 3456
4275 2 3 2 3456
4304 2 3 2 3456
4710 2 3 2 3456
4782 2 3 2 3456
5125 2 3 2 3456
5534 2 3 2 3456
5759 2 3 2 3456
160 2 3 2 3520
2034 2 3 2 3520
2554 2 3 2 3520
2675 2 3 2 3520
3261 2 3 2 3520
3680 2 3 2 3520
4666 2 3 2 3520
5112 2 3 2 3520
5273 2 3 2 3520
5760 2 3 2 3520
6003 2 3 2 3520
6076 2 3 2 3520
85 2 3 2 3520
1416 2 3 2 3528
2993 2 3 2 3528
3749 2 3 2 3528
3854 2 3 2 3528
3899 2 3 2 3528
47 2 3 2 3528
4804 2 3 2 3528
5324 2 3 2 3528
560 2 3 2 3528
5499 2 3 2 3536
1077 2 3 2 3584
2116 2 3 2 3584
3230 2 3 2 3584
324 2 3 2 3584
3465 2 3 2 3584
3610 2 3 2 3584
375 2 3 2 3584
3880 2 3 2 3584
3942 2 3 2 3584
4365 2 3 2 3584
5250 2 3 2 3584
5776 2 3 2 3584
853 2 3 2 3584
1171 2 3 2 3600
1371 2 3 2 3600
2948 2 3 2 3600
4219 2 3 2 3648
165 2 3 2 3672
3830 2 3 2 3672
4862 2 3 2 3672
1070 2 3 2 3696
1247 2 3 2 3696
1268 2 3 2 3696
153 2 3 2 3696
183 2 3 2 3696
288 2 3 2 3696
3106 2 3 2 3696
3127 2 3 2 3696
3320 2 3 2 3696
3393 2 3 2 3696
3525 2 3 2 3696
3574 2 3 2 3696
3683 2 3 2 3696
4650 2 3 2 3696
4940 2 3 2 3696
659 2 3 2 3696
90 2 3 2 3696
1018 2 3 2 3744
5361 2 3 2 3744
5417 2 3 2 3744
5712 2 3 2 3744
6105 2 3 2 3744
1961 2 3 2 3800
127 2 3 2 3808
1297 2 3 2 3808
155 2 3 2 3808
20 2 3 2 3808
2083 2 3 2 3808
2601 2 3 2 3808
2913 2 3 2 3808
3394 2 3 2 3808
3743 2 3 2 3808
4047 2 3 2 3808
4396 2 3 2 3808
4520 2 3 2 3808
5965 2 3 2 3808
6057 2 3 2 3808
136 2 3 2 3840
1379 2 3 2 3840
177 2 3 2 3840
2893 2 3 2 3840
3956 2 3 2 3840
413 2 3 2 3840
4388 2 3 2 3840
5030 2 3 2 3840
5948 2 3 2 3840
731 2 3 2 3840
2020 2 3 2 3872
2828 2 3 2 3872
3143 2 3 2 3872
5407 2 3 2 3872
6008 2 3 2 3872
6018 2 3 2 3872
1492 2 3 2 3888
1810 2 3 2 3888
1998 2 3 2 3888
2172 2 3 2 3888
3117 2 3 2 3888
4339 2 3 2 3888
4570 2 3 2 3888
4853 2 3 2 3888
5509 2 3 2 3888
6032 2 3 2 3888
951 2 3 2 3888
1330 2 3 2 3920
1340 2 3 2 3920
2082 2 3 2 3920
2115 2 3 2 3920
2545 2 3 2 3920
318 2 3 2 3920
704 2 3 2 3920
4010 2 3 2 4000
4127 2 3 2 4000
5541 2 3 2 4000
6141 2 3 2 4000
688 2 3 2 4000
1064 2 3 2 4032
1127 2 3 2 4032
1248 2 3 2 4032
1463 2 3 2 4032
1537 2 3 2 4032
1549 2 3 2 4032
1569 2 3 2 4032
1575 2 3 2 4032
1863 2 3 2 4032
1883 2 3 2 4032
1905 2 3 2 4032
1970 2 3 2 4032
2187 2 3 2 4032
249 2 3 2 4032
254 2 3 2 4032
3195 2 3 2 4032
3412 2 3 2 4032
3551 2 3 2 4032
3655 2 3 2 4032
3715 2 3 2 4032
3794 2 3 2 4032
3827 2 3 2 4032
3939 2 3 2 4032
4008 2 3 2 4032
4104 2 3 2 4032
4172 2 3 2 4032
4346 2 3 2 4032
4542 2 3 2 4032
4571 2 3 2 4032
4695 2 3 2 4032
4768 2 3 2 4032
479 2 3 2 4032
4836 2 3 2 4032
4992 2 3 2 4032
5328 2 3 2 4032
5439 2 3 2 4032
5598 2 3 2 4032
5714 2 3 2 4032
5800 2 3 2 4032
5880 2 3 2 4032
5968 2 3 2 4032
5980 2 3 2 4032
654 2 3 2 4032
800 2 3 2 4032
894 2 3 2 4032
921 2 3 2 4032
1058 2 3 2 4080
1833 2 3 2 4080
1848 2 3 2 4080
3428 2 3 2 4080
5015 2 3 2 4080
1389 2 3 2 4200
1563 2 3 2 4200
1580 2 3 2 4200
2612 2 3 2 4200
2868 2 3 2 4200
3071 2 3 2 4200
3104 2 3 2 4200
3732 2 3 2 4200
555 2 3 2 4200
1210 2 3 2 4224
1298 2 3 2 4224
1483 2 3 2 4224
1988 2 3 2 4224
2301 2 3 2 4224
2644 2 3 2 4224
2768 2 3 2 4224
3724 2 3 2 4224
4043 2 3 2 4224
4393 2 3 2 4224
4828 2 3 2 4224
5118 2 3 2 4224
588 2 3 2 4224
1111 2 3 2 4320
1199 2 3 2 4320
1287 2 3 2 4320
1431 2 3 2 4320
1465 2 3 2 4320
16 2 3 2 4320
1751 2 3 2 4320
1891 2 3 2 4320
193 2 3 2 4320
2323 2 3 2 4320
2333 2 3 2 4320
2416 2 3 2 4320
2429 2 3 2 4320
2620 2 3 2 4320
3720 2 3 2 4320
4058 2 3 2 4320
4647 2 3 2 4320
4815 2 3 2 4320
504 2 3 2 4320
5487 2 3 2 4320
5912 2 3 2 4320
6153 2 3 2 4320
865 2 3 2 4320
1292 2 3 2 4352
2476 2 3 2 4368
3512 2 3 2 4368
4592 2 3 2 4368
1916 2 3 2 4400
3420 2 3 2 4400
3667 2 3 2 4400
4628 2 3 2 4400
5278 2 3 2 4400
1718 2 3 2 4480
2658 2 3 2 4480
3070 2 3 2 4480
4028 2 3 2 4480
4889 2 3 2 4480
5346 2 3 2 4480
5482 2 3 2 4480
696 2 3 2 4480
739 2 3 2 4480
769 2 3 2 4480
2258 2 3 2 4536
2686 2 3 2 4536
3517 2 3 2 4536
4036 2 3 2 4536
744 2 3 2 4536
2058 2 3 2 4608
3752 2 3 2 4608
4816 2 3 2 4608
5277 2 3 2 4608
6005 2 3 2 4608
3019 2 3 2 4624
4284 2 3 2 4624
4412 2 3 2 4624
103 2 3 2 4704
1063 2 3 2 4704
1312 2 3 2 4704
1341 2 3 2 4704
1357 2 3 2 4704
1399 2 3 2 4704
1836 2 3 2 4704
1867 2 3 2 4704
2309 2 3 2 4704
2758 2 3 2 4704
3081 2 3 2 4704
335 2 3 2 4704
3446 2 3 2 4704
3905 2 3 2 4704
4038 2 3 2 4704
4299 2 3 2 4704
4350 2 3 2 4704
4386 2 3 2 4704
4506 2 3 2 4704
4559 2 3 2 4704
4960 2 3 2 4704
5368 2 3 2 4704
5711 2 3 2 4704
5825 2 3 2 4704
5963 2 3 2 4704
0 2 3 2 4800
1787 2 3 2 4800
2717 2 3 2 4800
3981 2 3 2 4800
4599 2 3 2 4800
5577 2 3 2 4800
5602 2 3 2 4800
6028 2 3 2 4800
881 2 3 2 4800
1648 2 3 2 4896
2169 2 3 2 4896
238 2 3 2 4896
3032 2 3 2 4896
3409 2 3 2 4896
5210 2 3 2 4896
6035 2 3 2 4896
1896 2 3 2 4928
3215 2 3 2 4928
3391 2 3 2 4928
3579 2 3 2 4928
3604 2 3 2 4928
3691 2 3 2 4928
3706 2 3 2 4928
490 2 3 2 4928
5084 2 3 2 4928
56 2 3 2 4928
5695 2 3 2 4928
10881 2 3 2 5040
10938 2 3 2 5040
11014 2 3 2 5040
12192 2 3 2 5040
12260 2 3 2 5040
13007 2 3 2 5040
15596 2 3 2 5040
16023 2 3 2 5040
16096 2 3 2 5040
16583 2 3 2 5040
16648 2 3 2 5040
19438 2 3 2 5040
19550 2 3 2 5040
19819 2 3 2 5040
20471 2 3 2 5040
2047 2 3 2 5040
20592 2 3 2 5040
20948 2 3 2 5040
21840 2 3 2 5040
21895 2 3 2 5040
23551 2 3 2 5040
23676 2 3 2 5040
3111 2 3 2 5040
3893 2 3 2 5040
3994 2 3 2 5040
615 2 3 2 5040
6400 2 3 2 5040
6561 2 3 2 5040
68 2 3 2 5040
8167 2 3 2 5040
11504 2 3 2 5120
1849 2 3 2 5120
19103 2 3 2 5120
23566 2 3 2 5120
7163 2 3 2 5120
7658 2 3 2 5120
10728 2 3 2 5184
10999 2 3 2 5184
11104 2 3 2 5184
11660 2 3 2 5184
11985 2 3 2 5184
12164 2 3 2 5184
12169 2 3 2 5184
12795 2 3 2 5184
13348 2 3 2 5184
14310 2 3 2 5184
14712 2 3 2 5184
1489 2 3 2 5184
14920 2 3 2 5184
14943 2 3 2 5184
15073 2 3 2 5184
15118 2 3 2 5184
15174 2 3 2 5184
15277 2 3 2 5184
15580 2 3 2 5184
16305 2 3 2 5184
167 2 3 2 5184
16906 2 3 2 5184
17236 2 3 2 5184
17476 2 3 2 5184
1752 2 3 2 5184
17873 2 3 2 5184
17954 2 3 2 5184
18136 2 3 2 5184
18816 2 3 2 5184
18874 2 3 2 5184
19120 2 3 2 5184
19250 2 3 2 5184
19585 2 3 2 5184
19775 2 3 2 5184
19873 2 3 2 5184
20025 2 3 2 5184
20444 2 3 2 5184
21461 2 3 2 5184
21857 2 3 2 5184
22216 2 3 2 5184
22268 2 3 2 5184
22930 2 3 2 5184
23157 2 3 2 5184
23270 2 3 2 5184
23281 2 3 2 5184
23578 2 3 2 5184
23620 2 3 2 5184
23649 2 3 2 5184
23742 2 3 2 5184
23867 2 3 2 5184
23904 2 3 2 5184
24197 2 3 2 5184
3046 2 3 2 5184
3777 2 3 2 5184
45 2 3 2 5184
5510 2 3 2 5184
5699 2 3 2 5184
6262 2 3 2 5184
6348 2 3 2 5184
6798 2 3 2 5184
6893 2 3 2 5184
6966 2 3 2 5184
710 2 3 2 5184
8011 2 3 2 5184
839 2 3 2 5184
896 2 3 2 5184
9028 2 3 2 5184
9433 2 3 2 5184
9499 2 3 2 5184
9809 2 3 2 5184
1364 2 3 2 5200
3548 2 3 2 5200
16383 2 3 2 5280
2694 2 3 2 5280
10028 2 3 2 5376
1006 2 3 2 5376
10342 2 3 2 5376
10388 2 3 2 5376
1054 2 3 2 5376
10664 2 3 2 5376
10672 2 3 2 5376
1069 2 3 2 5376
11234 2 3 2 5376
11557 2 3 2 5376
12058 2 3 2 5376
13145 2 3 2 5376
13471 2 3 2 5376
13515 2 3 2 5376
13591 2 3 2 5376
14441 2 3 2 5376
15440 2 3 2 5376
16562 2 3 2 5376
16607 2 3 2 5376
17108 2 3 2 5376
17186 2 3 2 5376
17216 2 3 2 5376
17496 2 3 2 5376
17546 2 3 2 5376
1805 2 3 2 5376
18736 2 3 2 5376
18843 2 3 2 5376
19235 2 3 2 5376
19387 2 3 2 5376
20716 2 3 2 5376
21080 2 3 2 5376
21308 2 3 2 5376
21446 2 3 2 5376
21448 2 3 2 5376
21492 2 3 2 5376
22313 2 3 2 5376
224 2 3 2 5376
22430 2 3 2 5376
23059 2 3 2 5376
23112 2 3 2 5376
23218 2 3 2 5376
23593 2 3 2 5376
23647 2 3 2 5376
24282 2 3 2 5376
24442 2 3 2 5376
2499 2 3 2 5376
25001 2 3 2 5376
25180 2 3 2 5376
2844 2 3 2 5376
3630 2 3 2 5376
4385 2 3 2 5376
4443 2 3 2 5376
5173 2 3 2 5376
6010 2 3 2 5376
6358 2 3 2 5376
6536 2 3 2 5376
6666 2 3 2 5376
6696 2 3 2 5376
7015 2 3 2 5376
7313 2 3 2 5376
7509 2 3 2 5376
7923 2 3 2 5376
8099 2 3 2 5376
8206 2 3 2 5376
8273 2 3 2 5376
8313 2 3 2 5376
8364 2 3 2 5376
8647 2 3 2 5376
8705 2 3 2 5376
908 2 3 2 5376
9154 2 3 2 5376
9364 2 3 2 5376
9376 2 3 2 5376
9631 2 3 2 5376
9845 2 3 2 5376
9864 2 3 2 5376
8239 2 3 2 5400
10726 2 3 2 5440
1325 2 3 2 5440
14470 2 3 2 5440
16504 2 3 2 5440
18732 2 3 2 5440
19583 2 3 2 5440
3704 2 3 2 5440
10853 2 3 2 5600
11249 2 3 2 5600
13101 2 3 2 5600
1337 2 3 2 5600
13632 2 3 2 5600
14242 2 3 2 5600
14296 2 3 2 5600
14750 2 3 2 5600
15725 2 3 2 5600
16386 2 3 2 5600
17482 2 3 2 5600
17827 2 3 2 5600
18401 2 3 2 5600
18738 2 3 2 5600
21149 2 3 2 5600
21202 2 3 2 5600
22192 2 3 2 5600
22413 2 3 2 5600
22649 2 3 2 5600
23330 2 3 2 5600
24140 2 3 2 5600
24254 2 3 2 5600
3504 2 3 2 5600
3805 2 3 2 5600
4355 2 3 2 5600
5232 2 3 2 5600
5381 2 3 2 5600
7561 2 3 2 5600
8531 2 3 2 5600
8607 2 3 2 5600
10049 2 3 2 5632
1278 2 3 2 5632
15527 2 3 2 5632
2071 2 3 2 5632
5424 2 3 2 5632
8624 2 3 2 5632
9968 2 3 2 5632
10208 2 3 2 5712
10654 2 3 2 5712
12532 2 3 2 5712
1479 2 3 2 5712
15888 2 3 2 5712
18485 2 3 2 5712
2099 2 3 2 5712
23493 2 3 2 5712
25088 2 3 2 5712
7178 2 3 2 5712
869 2 3 2 5712
10014 2 3 2 5760
10356 2 3 2 5760
11335 2 3 2 5760
12081 2 3 2 5760
12936 2 3 2 5760
12938 2 3 2 5760
13106 2 3 2 5760
13131 2 3 2 5760
13132 2 3 2 5760
13520 2 3 2 5760
13952 2 3 2 5760
13991 2 3 2 5760
16175 2 3 2 5760
16197 2 3 2 5760
16390 2 3 2 5760
16466 2 3 2 5760
16485 2 3 2 5760
17115 2 3 2 5760
17138 2 3 2 5760
17921 2 3 2 5760
18022 2 3 2 5760
18735 2 3 2 5760
18804 2 3 2 5760
18909 2 3 2 5760
20908 2 3 2 5760
21055 2 3 2 5760
21705 2 3 2 5760
21873 2 3 2 5760
22308 2 3 2 5760
23645 2 3 2 5760
24145 2 3 2 5760
3049 2 3 2 5760
3464 2 3 2 5760
5081 2 3 2 5760
6382 2 3 2 5760
7830 2 3 2 5760
8611 2 3 2 5760
8850 2 3 2 5760
9012 2 3 2 5760
20744 2 3 2 5824
20855 2 3 2 5824
629 2 3 2 5824
10526 2 3 2 5880
13630 2 3 2 5880
14337 2 3 2 5880
14605 2 3 2 5880
20467 2 3 2 5880
21060 2 3 2 5880
890 2 3 2 5880
9716 2 3 2 5880
14316 2 3 2 5984
16588 2 3 2 5984
1942 2 3 2 5984
3384 2 3 2 5984
7053 2 3 2 5984
11175 2 3 2 6000
18351 2 3 2 6000
19223 2 3 2 6000
19403 2 3 2 6000
21156 2 3 2 6000
7996 2 3 2 6000
10060 2 3 2 6048
10196 2 3 2 6048
10345 2 3 2 6048
10698 2 3 2 6048
10907 2 3 2 6048
11470 2 3 2 6048
11519 2 3 2 6048
11866 2 3 2 6048
11964 2 3 2 6048
11990 2 3 2 6048
12051 2 3 2 6048
12076 2 3 2 6048
12355 2 3 2 6048
12486 2 3 2 6048
12540 2 3 2 6048
12900 2 3 2 6048
13226 2 3 2 6048
13361 2 3 2 6048
13598 2 3 2 6048
1405 2 3 2 6048
14340 2 3 2 6048
14440 2 3 2 6048
14473 2 3 2 6048
14792 2 3 2 6048
15168 2 3 2 6048
15689 2 3 2 6048
15915 2 3 2 6048
16028 2 3 2 6048
16237 2 3 2 6048
16616 2 3 2 6048
18216 2 3 2 6048
18511 2 3 2 6048
18589 2 3 2 6048
18782 2 3 2 6048
18889 2 3 2 6048
19302 2 3 2 6048
19436 2 3 2 6048
20207 2 3 2 6048
21988 2 3 2 6048
22526 2 3 2 6048
2462 2 3 2 6048
24626 2 3 2 6048
24857 2 3 2 6048
3664 2 3 2 6048
4095 2 3 2 6048
4310 2 3 2 6048
4985 2 3 2 6048
5294 2 3 2 6048
5337 2 3 2 6048
5646 2 3 2 6048
6198 2 3 2 6048
6246 2 3 2 6048
6360 2 3 2 6048
7225 2 3 2 6048
7581 2 3 2 6048
7732 2 3 2 6048
8177 2 3 2 6048
9660 2 3 2 6048
9705 2 3 2 6048
980 2 3 2 6048
12061 2 3 2 6144
15771 2 3 2 6160
25076 2 3 2 6160
3072 2 3 2 6160
9738 2 3 2 6160
10166 2 3 2 6272
10320 2 3 2 6272
11875 2 3 2 6272
13031 2 3 2 6272
1328 2 3 2 6272
13519 2 3 2 6272
14298 2 3 2 6272
14821 2 3 2 6272
15142 2 3 2 6272
15340 2 3 2 6272
18030 2 3 2 6272
19458 2 3 2 6272
20987 2 3 2 6272
21704 2 3 2 6272
22382 2 3 2 6272
24302 2 3 2 6272
2762 2 3 2 6272
3998 2 3 2 6272
4086 2 3 2 6272
5217 2 3 2 6272
5664 2 3 2 6272
6037 2 3 2 6272
6951 2 3 2 6272
7111 2 3 2 6272
7660 2 3 2 6272
8710 2 3 2 6272
8861 2 3 2 6272
13133 2 3 2 6336
13327 2 3 2 6336
1391 2 3 2 6336
18204 2 3 2 6336
20611 2 3 2 6336
20996 2 3 2 6336
21502 2 3 2 6336
21830 2 3 2 6336
22049 2 3 2 6336
22125 2 3 2 6336
4726 2 3 2 6336
7946 2 3 2 6336
10044 2 3 2 6400
12962 2 3 2 6400
17684 2 3 2 6400
19176 2 3 2 6400
19644 2 3 2 6400
19825 2 3 2 6400
20348 2 3 2 6400
20693 2 3 2 6400
22856 2 3 2 6400
24112 2 3 2 6400
3623 2 3 2 6400
4514 2 3 2 6400
7080 2 3 2 6400
10311 2 3 2 6528
10453 2 3 2 6528
22345 2 3 2 6528
22615 2 3 2 6528
23407 2 3 2 6528
24837 2 3 2 6528
25183 2 3 2 6528
6217 2 3 2 6528
11864 2 3 2 6720
11954 2 3 2 6720
12180 2 3 2 6720
12335 2 3 2 6720
13449 2 3 2 6720
13984 2 3 2 6720
14097 2 3 2 6720
14151 2 3 2 6720
16885 2 3 2 6720
17988 2 3 2 6720
18453 2 3 2 6720
18470 2 3 2 6720
185 2 3 2 6720
18575 2 3 2 6720
18719 2 3 2 6720
18810 2 3 2 6720
19231 2 3 2 6720
20616 2 3 2 6720
23238 2 3 2 6720
2976 2 3 2 6720
7180 2 3 2 6720
7801 2 3 2 6720
8629 2 3 2 6720
8672 2 3 2 6720
9472 2 3 2 6720
15635 2 3 2 6800
7816 2 3 2 6800
11375 2 3 2 6912
11900 2 3 2 6912
11945 2 3 2 6912
12482 2 3 2 6912
12801 2 3 2 6912
13739 2 3 2 6912
1503 2 3 2 6912
1544 2 3 2 6912
16076 2 3 2 6912
16803 2 3 2 6912
17121 2 3 2 6912
17635 2 3 2 6912
19665 2 3 2 6912
19919 2 3 2 6912
20170 2 3 2 6912
21298 2 3 2 6912
21324 2 3 2 6912
21391 2 3 2 6912
21727 2 3 2 6912
22081 2 3 2 6912
22810 2 3 2 6912
23137 2 3 2 6912
23874 2 3 2 6912
23923 2 3 2 6912
24440 2 3 2 6912
2529 2 3 2 6912
2559 2 3 2 6912
2566 2 3 2 6912
2678 2 3 2 6912
2940 2 3 2 6912
3368 2 3 2 6912
4303 2 3 2 6912
4643 2 3 2 6912
5020 2 3 2 6912
5156 2 3 2 6912
5468 2 3 2 6912
5940 2 3 2 6912
6491 2 3 2 6912
664 2 3 2 6912
7710 2 3 2 6912
7933 2 3 2 6912
8907 2 3 2 6912
9479 2 3 2 6912
9837 2 3 2 6912
9855 2 3 2 6912
22540 2 3 2 7000
23392 2 3 2 7000
75868 2 3 2 7000
1803 2 3 3 7018
4363 2 3 3 7029
7418 2 3 3 7038
13688 2 3 2 7040
23576 2 3 2 7040
33784 2 3 2 7040
35249 2 3 2 7040
45043 2 3 2 7040
62369 2 3 2 7040
62912 2 3 2 7040
64395 2 3 2 7040
76616 2 3 2 7040
78200 2 3 2 7040
82851 2 3 2 7040
93561 2 3 2 7040
94683 2 3 2 7040
11177 2 3 2 7056
15680 2 3 2 7056
18693 2 3 2 7056
21234 2 3 2 7056
22527 2 3 2 7056
22978 2 3 2 7056
26104 2 3 2 7056
26464 2 3 2 7056
27794 2 3 2 7056
27964 2 3 2 7056
29430 2 3 2 7056
30008 2 3 2 7056
3059 2 3 2 7056
3098 2 3 2 7056
31355 2 3 2 7056
33368 2 3 2 7056
3497 2 3 2 7056
39617 2 3 2 7056
40590 2 3 2 7056
40745 2 3 2 7056
4181 2 3 2 7056
4603 2 3 2 7056
49969 2 3 2 7056
50209 2 3 2 7056
52020 2 3 2 7056
62126 2 3 2 7056
64829 2 3 2 7056
65254 2 3 2 7056
65272 2 3 2 7056
65995 2 3 2 7056
66134 2 3 2 7056
68481 2 3 2 7056
68602 2 3 2 7056
69904 2 3 2 7056
70049 2 3 2 7056
71412 2 3 2 7056
71668 2 3 2 7056
72843 2 3 2 7056
74908 2 3 2 7056
75904 2 3 2 7056
846 2 3 2 7056
8595 2 3 2 7056
86126 2 3 2 7056
86678 2 3 2 7056
96897 2 3 2 7056
98970 2 3 2 7056
99320 2 3 2 7056
522 2 3 3 7076
4779 2 3 3 7112
205 2 3 3 7120
7746 2 3 3 7144
1048 2 3 3 7168
11758 2 3 2 7168
12114 2 3 2 7168
12843 2 3 2 7168
12956 2 3 2 7168
17652 2 3 2 7168
26456 2 3 2 7168
30585 2 3 2 7168
46498 2 3 2 7168
52482 2 3 2 7168
64267 2 3 2 7168
67358 2 3 2 7168
68226 2 3 2 7168
72755 2 3 2 7168
85839 2 3 2 7168
85961 2 3 2 7168
94814 2 3 2 7168
6992 2 3 3 7194
11155 2 3 2 7200
11745 2 3 2 7200
12687 2 3 2 7200
14345 2 3 2 7200
14482 2 3 2 7200
20661 2 3 2 7200
22296 2 3 2 7200
22406 2 3 2 7200
26720 2 3 2 7200
31478 2 3 2 7200
31882 2 3 2 7200
31950 2 3 2 7200
32624 2 3 2 7200
33719 2 3 2 7200
3755 2 3 2 7200
39679 2 3 2 7200
41524 2 3 2 7200
43884 2 3 2 7200
46424 2 3 2 7200
49692 2 3 2 7200
50549 2 3 2 7200
52277 2 3 2 7200
54175 2 3 2 7200
55309 2 3 2 7200
55988 2 3 2 7200
58139 2 3 2 7200
59569 2 3 2 7200
59857 2 3 2 7200
61060 2 3 2 7200
62103 2 3 2 7200
62689 2 3 2 7200
66600 2 3 2 7200
67046 2 3 2 7200
69268 2 3 2 7200
69686 2 3 2 7200
74185 2 3 2 7200
74932 2 3 2 7200
74954 2 3 2 7200
77061 2 3 2 7200
77189 2 3 2 7200
86955 2 3 2 7200
8742 2 3 2 7200
88141 2 3 2 7200
88378 2 3 2 7200
89162 2 3 2 7200
8984 2 3 2 7200
93854 2 3 2 7200
96108 2 3 2 7200
97388 2 3 2 7200
64 2 3 3 7252
1090 2 3 3 7272
5220 2 3 3 7308
3317 2 3 3 7350
5042 2 3 3 7378
11233 2 3 2 7392
14065 2 3 2 7392
17913 2 3 2 7392
20096 2 3 2 7392
21374 2 3 2 7392
21656 2 3 2 7392
2956 2 3 2 7392
41176 2 3 2 7392
42600 2 3 2 7392
43747 2 3 2 7392
48338 2 3 2 7392
49636 2 3 2 7392
63857 2 3 2 7392
6462 2 3 2 7392
6616 2 3 3 7392
66707 2 3 2 7392
70121 2 3 2 7392
71420 2 3 2 7392
75564 2 3 2 7392
8208 2 3 3 7392
84739 2 3 2 7392
8696 2 3 2 7392
90409 2 3 2 7392
91163 2 3 2 7392
332 2 3 3 7410
2477 2 3 3 7420
7348 2 3 3 7437
7587 2 3 3 7437
7529 2 3 3 7462
215 2 3 3 7480
8047 2 3 3 7480
7713 2 3 3 7488
2168 2 3 3 7506
5467 2 3 3 7506
5782 2 3 3 7520
2375 2 3 3 7533
2490 2 3 3 7560
1894 2 3 3 7562
8026 2 3 3 7598
22152 2 3 2 7616
27678 2 3 2 7616
32791 2 3 2 7616
37234 2 3 2 7616
45318 2 3 2 7616
59818 2 3 2 7616
62040 2 3 2 7616
6288 2 3 3 7616
64354 2 3 2 7616
67254 2 3 2 7616
96641 2 3 2 7616
3977 2 3 3 7656
6137 2 3 3 7665
13666 2 3 2 7680
14696 2 3 2 7680
17167 2 3 2 7680
17927 2 3 2 7680
21454 2 3 2 7680
28028 2 3 2 7680
30722 2 3 2 7680
30959 2 3 2 7680
39734 2 3 2 7680
41974 2 3 2 7680
42304 2 3 2 7680
42871 2 3 2 7680
52164 2 3 2 7680
52200 2 3 2 7680
53247 2 3 2 7680
53251 2 3 2 7680
54189 2 3 2 7680
57430 2 3 2 7680
58423 2 3 2 7680
59876 2 3 2 7680
60061 2 3 2 7680
62985 2 3 2 7680
63552 2 3 2 7680
64439 2 3 2 7680
65534 2 3 2 7680
68142 2 3 2 7680
71569 2 3 2 7680
72493 2 3 2 7680
75347 2 3 2 7680
79867 2 3 2 7680
81965 2 3 2 7680
85301 2 3 2 7680
86523 2 3 2 7680
91975 2 3 2 7680
95300 2 3 2 7680
98857 2 3 2 7680
5641 2 3 3 7704
7019 2 3 3 7704
6215 2 3 3 7743
35614 2 3 2 7744
49558 2 3 2 7744
68400 2 3 2 7744
71239 2 3 2 7744
813 2 3 3 7749
4713 2 3 3 7812
4719 2 3 3 7812
8074 2 3 3 7824
6429 2 3 3 7830
40565 2 3 2 7840
45939 2 3 2 7840
64347 2 3 2 7840
8294 2 3 2 7840
98841 2 3 2 7840
8138 2 3 3 7854
3178 2 3 3 7896
4752 2 3 3 7904
6234 2 3 3 7920
6805 2 3 3 7946
7162 2 3 3 7950
3387 2 3 3 7952
8368 2 3 3 7953
7924 2 3 3 7956
3201 2 3 3 7992
13905 2 3 2 8000
22934 2 3 2 8000
2916 2 3 2 8000
36700 2 3 2 8000
42097 2 3 2 8000
46501 2 3 2 8000
47233 2 3 2 8000
69260 2 3 2 8000
75136 2 3 2 8000
77099 2 3 2 8000
8228 2 3 2 8000
88264 2 3 2 8000
89231 2 3 2 8000
94126 2 3 2 8000
97031 2 3 2 8000
2 2 3 3 8030
3068 2 3 3 8036
6513 2 3 3 8058
5936 2 3 3 8060
11096 2 3 2 8064
11269 2 3 2 8064
13580 2 3 2 8064
14268 2 3 2 8064
14819 2 3 2 8064
15207 2 3 2 8064
15444 2 3 2 8064
17922 2 3 2 8064
18430 2 3 2 8064
18933 2 3 2 8064
20149 2 3 2 8064
20198 2 3 2 8064
2191 2 3 2 8064
21993 2 3 2 8064
2371 2 3 2 8064
24378 2 3 2 8064
25410 2 3 2 8064
25584 2 3 2 8064
25808 2 3 2 8064
27283 2 3 2 8064
27356 2 3 2 8064
27421 2 3 2 8064
28509 2 3 2 8064
28620 2 3 2 8064
2892 2 3 2 8064
29333 2 3 2 8064
2959 2 3 2 8064
30565 2 3 2 8064
31418 2 3 2 8064
33041 2 3 2 8064
33090 2 3 2 8064
35493 2 3 2 8064
35607 2 3 2 8064
37170 2 3 2 8064
37389 2 3 2 8064
39756 2 3 2 8064
39758 2 3 2 8064
40556 2 3 2 8064
40704 2 3 2 8064
42855 2 3 2 8064
43527 2 3 2 8064
43704 2 3 2 8064
46731 2 3 2 8064
47708 2 3 2 8064
48444 2 3 2 8064
48643 2 3 2 8064
48694 2 3 2 8064
48765 2 3 2 8064
49360 2 3 2 8064
51348 2 3 2 8064
53252 2 3 2 8064
54521 2 3 2 8064
55216 2 3 2 8064
55297 2 3 2 8064
5610 2 3 2 8064
56670 2 3 2 8064
56851 2 3 2 8064
60214 2 3 2 8064
60670 2 3 2 8064
60690 2 3 2 8064
61834 2 3 2 8064
62759 2 3 2 8064
64004 2 3 2 8064
64350 2 3 2 8064
64378 2 3 2 8064
65941 2 3 2 8064
66297 2 3 2 8064
67146 2 3 2 8064
67230 2 3 2 8064
67448 2 3 2 8064
67499 2 3 2 8064
68007 2 3 2 8064
6830 2 3 3 8064
68580 2 3 2 8064
69432 2 3 2 8064
69555 2 3 2 8064
69559 2 3 2 8064
70738 2 3 2 8064
71955 2 3 2 8064
72447 2 3 2 8064
73228 2 3 2 8064
74417 2 3 2 8064
75769 2 3 2 8064
76388 2 3 2 8064
77192 2 3 2 8064
77213 2 3 2 8064
79630 2 3 2 8064
79837 2 3 2 8064
80920 2 3 2 8064
83121 2 3 2 8064
83975 2 3 2 8064
85039 2 3 2 8064
85106 2 3 2 8064
85312 2 3 2 8064
85418 2 3 2 8064
85980 2 3 2 8064
8689 2 3 2 8064
87053 2 3 2 8064
87169 2 3 2 8064
87294 2 3 2 8064
88246 2 3 2 8064
89287 2 3 2 8064
90276 2 3 2 8064
92402 2 3 2 8064
93680 2 3 2 8064
95088 2 3 2 8064
96613 2 3 2 8064
96727 2 3 2 8064
9683 2 3 2 8064
3181 2 3 3 8091
2669 2 3 3 8106
2468 2 3 3 8120
4787 2 3 3 8128
6661 2 3 3 8142
5611 2 3 3 8150
1913 2 3 3 8160
3252 2 3 3 8160
5632 2 3 3 8178
2521 2 3 3 8232
3166 2 3 3 8232
4409 2 3 3 8236
8418 2 3 3 8294
1663 2 3 3 8320
3527 2 3 3 8344
1995 2 3 3 8352
3857 2 3 3 8360
2604 2 3 3 8362
8185 2 3 3 8370
15112 2 3 2 8400
15382 2 3 2 8400
17593 2 3 2 8400
24024 2 3 2 8400
25346 2 3 2 8400
28813 2 3 2 8400
29256 2 3 2 8400
3190 2 3 3 8400
33956 2 3 2 8400
34290 2 3 2 8400
39903 2 3 2 8400
40044 2 3 2 8400
42484 2 3 2 8400
47006 2 3 2 8400
47157 2 3 2 8400
47527 2 3 2 8400
48388 2 3 2 8400
51325 2 3 2 8400
52496 2 3 2 8400
53066 2 3 2 8400
5444 2 3 2 8400
56068 2 3 2 8400
64983 2 3 2 8400
71632 2 3 2 8400
7294 2 3 2 8400
74647 2 3 2 8400
76991 2 3 2 8400
78358 2 3 2 8400
80272 2 3 2 8400
82902 2 3 2 8400
87061 2 3 2 8400
87333 2 3 2 8400
89610 2 3 2 8400
9745 2 3 2 8400
99166 2 3 2 8400
4501 2 3 3 8418
20600 2 3 2 8448
30457 2 3 2 8448
32499 2 3 2 8448
36693 2 3 2 8448
46699 2 3 2 8448
52886 2 3 2 8448
53313 2 3 2 8448
62498 2 3 2 8448
66605 2 3 2 8448
9330 2 3 2 8448
94702 2 3 2 8448
96084 2 3 2 8448
3737 2 3 3 8460
1349 2 3 3 8480
3204 2 3 3 8493
5508 2 3 3 8507
354 2 3 3 8512
2012 2 3 3 8568
5184 2 3 3 8613
61 2 3 3 8624
339 2 3 3 8626
1673 2 3 3 8667
2414 2 3 3 8695
3034 2 3 3 8697
3455 2 3 3 8702
33937 2 3 2 8704
5238 2 3 3 8704
679 2 3 3 8712
6161 2 3 3 8742
6730 2 3 3 8775
20867 2 3 2 8800
32935 2 3 2 8800
46689 2 3 2 8800
59900 2 3 2 8800
60624 2 3 2 8800
63494 2 3 2 8800
97890 2 3 2 8800
2125 2 3 3 8820
1950 2 3 3 8836
6053 2 3 3 8850
4923 2 3 3 8856
146 2 3 3 8880
6555 2 3 3 8880
6545 2 3 3 8928
22973 2 3 2 8960
27910 2 3 2 8960
30288 2 3 2 8960
42897 2 3 2 8960
49466 2 3 2 8960
50090 2 3 2 8960
52385 2 3 2 8960
5449 2 3 2 8960
5675 2 3 2 8960
62770 2 3 2 8960
77273 2 3 2 8960
81028 2 3 2 8960
83724 2 3 2 8960
86433 2 3 2 8960
8956 2 3 2 8960
7932 2 3 3 8970
9658 2 3 3 9016
15274 2 3 3 9030
1893 2 3 3 9030
16379 2 3 3 9042
20494 2 3 3 9045
10601 2 3 3 9048
12933 2 3 3 9048
26530 2 3 3 9048
7641 2 3 3 9048
2441 2 3 3 9050
29017 2 3 3 9052
30849 2 3 3 9052
14826 2 3 3 9072
16363 2 3 3 9072
22911 2 3 3 9072
23835 2 3 3 9072
30131 2 3 3 9072
4508 2 3 3 9072
26893 2 3 3 9075
12437 2 3 3 9078
228 2 3 3 9085
3303 2 3 3 9085
17767 2 3 3 9086
17940 2 3 3 9102
1460 2 3 3 9108
18114 2 3 3 9108
24973 2 3 3 9108
25893 2 3 3 9108
11640 2 3 3 9112
12986 2 3 3 9120
9497 2 3 3 9126
19034 2 3 3 9128
17745 2 3 3 9153
17829 2 3 3 9153
15423 2 3 3 9154
21711 2 3 3 9156
28858 2 3 3 9156
16942 2 3 3 9164
16567 2 3 3 9165
30009 2 3 3 9174
25539 2 3 3 9176
4457 2 3 3 9176
20280 2 3 3 9180
15211 2 3 3 9184
21151 2 3 3 9184
15352 2 3 3 9196
24317 2 3 3 9196
13343 2 3 3 9198
8160 2 3 3 9200
9261 2 3 3 9213
1055 2 3 2 9216
10945 2 3 2 9216
13604 2 3 2 9216
13995 2 3 2 9216
15551 2 3 2 9216
1632 2 3 2 9216
21881 2 3 2 9216
23299 2 3 2 9216
23916 2 3 2 9216
24809 2 3 2 9216
28067 2 3 2 9216
32788 2 3 2 9216
33816 2 3 2 9216
425 2 3 2 9216
46916 2 3 2 9216
48304 2 3 2 9216
54992 2 3 2 9216
62086 2 3 2 9216
66926 2 3 2 9216
67416 2 3 2 9216
8000 2 3 2 9216
84126 2 3 2 9216
86579 2 3 2 9216
94153 2 3 2 9216
97033 2 3 2 9216
98176 2 3 2 9216
98990 2 3 2 9216
16635 2 3 3 9238
26098 2 3 3 9240
683 2 3 3 9240
22191 2 3 3 9246
11223 2 3 3 9248
16082 2 3 3 9250
8800 2 3 3 9250
31923 2 3 3 9264
29839 2 3 3 9280
6969 2 3 3 9280
25703 2 3 3 9284
15010 2 3 3 9292
26671 2 3 3 9300
13442 2 3 3 9315
18044 2 3 3 9315
31964 2 3 3 9316
21771 2 3 3 9324
4408 2 3 3 9324
21479 2 3 3 9328
23872 2 3 3 9348
29131 2 3 3 9360
29467 2 3 3 9361
27414 2 3 3 9367
5353 2 3 3 9372
29785 2 3 3 9380
453 2 3 3 9393
11023 2 3 3 9396
19973 2 3 3 9396
24370 2 3 3 9400
30926 2 3 3 9400
10180 2 3 2 9408
10559 2 3 2 9408
13464 2 3 2 9408
15513 2 3 2 9408
1587 2 3 2 9408
21927 2 3 2 9408
26703 2 3 2 9408
27915 2 3 2 9408
32405 2 3 2 9408
34424 2 3 2 9408
35383 2 3 2 9408
3651 2 3 2 9408
38288 2 3 2 9408
48261 2 3 2 9408
4926 2 3 2 9408
61207 2 3 2 9408
64618 2 3 2 9408
677 2 3 2 9408
72490 2 3 2 9408
73874 2 3 2 9408
74230 2 3 2 9408
81768 2 3 2 9408
8631 2 3 2 9408
87742 2 3 2 9408
90365 2 3 2 9408
91642 2 3 2 9408
93569 2 3 2 9408
98212 2 3 2 9408
9859 2 3 3 9408
16742 2 3 3 9412
15215 2 3 3 9418
22043 2 3 3 9418
30953 2 3 3 9424
16974 2 3 3 9438
10377 2 3 3 9440
24605 2 3 3 9440
27350 2 3 3 9443
10628 2 3 3 9450
19977 2 3 3 9450
30307 2 3 3 9455
5154 2 3 3 9485
28649 2 3 3 9486
31963 2 3 3 9490
16730 2 3 3 9492
6871 2 3 3 9494
23364 2 3 3 9504
26288 2 3 3 9504
3523 2 3 3 9514
20124 2 3 3 9520
5088 2 3 3 9520
9931 2 3 3 9520
29143 2 3 3 9548
18643 2 3 3 9570
22262 2 3 3 9576
27073 2 3 3 9576
5620 2 3 3 9594
25369 2 3 3 9599
19306 2 3 2 9600
28893 2 3 3 9600
29191 2 3 3 9600
3037 2 3 2 9600
33557 2 3 2 9600
34720 2 3 2 9600
36003 2 3 2 9600
41024 2 3 2 9600
45883 2 3 2 9600
53153 2 3 2 9600
53616 2 3 2 9600
58335 2 3 2 9600
62828 2 3 2 9600
66941 2 3 2 9600
80015 2 3 2 9600
80159 2 3 2 9600
92805 2 3 2 9600
94835 2 3 2 9600
97233 2 3 2 9600
6480 2 3 3 9605
19147 2 3 3 9610
31263 2 3 3 9620
11991 2 3 3 9625
14014 2 3 3 9632
1606 2 3 3 9638
28514 2 3 3 9656
32291 2 3 3 9656
15080 2 3 3 9660
18696 2 3 3 9660
969 2 3 3 9666
6594 2 3 3 9672
162 2 3 3 9675
17730 2 3 3 9675
32068 2 3 3 9680
24645 2 3 3 9694
16961 2 3 3 9696
22820 2 3 3 9696
27943 2 3 3 9701
9209 2 3 3 9716
29789 2 3 3 9720
8249 2 3 3 9724
10590 2 3 3 9728
32324 2 3 3 9729
6579 2 3 3 9729
14906 2 3 3 9744
9944 2 3 3 9744
10713 2 3 3 9750
25731 2 3 3 9760
2241 2 3 3 9768
24480 2 3 3 9768
4633 2 3 3 9774
21806 2 3 3 9775
18347 2 3 3 9776
31900 2 3 3 9780
16389 2 3 3 9782
1558 2 3 3 9792
19609 2 3 3 9800
27286 2 3 3 9800
13211 2 3 3 9801
28528 2 3 3 9804
30190 2 3 3 9804
11367 2 3 3 9805
28085 2 3 3 9821
12041 2 3 3 9828
3769 2 3 3 9828
28616 2 3 3 9835
31645 2 3 3 9840
11881 2 3 3 9845
22392 2 3 3 9849
22596 2 3 3 9849
4581 2 3 3 9855
18263 2 3 2 9856
22625 2 3 2 9856
75025 2 3 2 9856
87989 2 3 2 9856
90447 2 3 2 9856
16710 2 3 3 9858
19640 2 3 3 9858
371 2 3 3 9858
8194 2 3 3 9864
16215 2 3 3 9870
1366 2 3 3 9878
28166 2 3 3 9879
11525 2 3 3 9880
21850 2 3 3 9880
30916 2 3 3 9880
21940 2 3 3 9882
9146 2 3 3 9888
17821 2 3 3 9900
10987 2 3 3 9906
9884 2 3 3 9918
21510 2 3 3 9922
1036 2 3 3 9936
28888 2 3 3 9936
2925 2 3 3 9936
16225 2 3 3 9940
12339 2 3 3 9945
30677 2 3 3 9952
7082 2 3 3 9958
98 2 3 3 9960
9850 2 3 3 9960
2887 2 3 3 9964
2186 2 3 3 9975
29050 2 3 3 9976
1510 2 3 3 9988
26721 2 3 3 9990
29878 2 3 3 9990
7729 2 3 3 9996
35526 2 3 2 10000
40968 2 3 2 10000
2973 2 3 3 10017
25350 2 3 3 10032
29912 2 3 3 10032
14600 2 3 3 10044
20015 2 3 3 10050
15770 2 3 3 10064
3965 2 3 3 10074
5526 2 3 3 10074
1711 2 3 3 10075
14587 2 3 3 10080
24457 2 3 3 10080
24990 2 3 3 10080
27563 2 3 3 10080
5718 2 3 3 10086
30401 2 3 3 10115
19896 2 3 3 10120
17429 2 3 3 10150
2837 2 3 3 10152
16688 2 3 3 10164
25667 2 3 3 10166
16277 2 3 3 10175
12654 2 3 3 10176
28133 2 3 3 10184
13054 2 3 3 10200
14563 2 3 3 10200
1583 2 3 3 10200
22598 2 3 3 10200
31520 2 3 3 10200
1450 2 3 3 10206
19296 2 3 3 10206
25580 2 3 3 10206
4223 2 3 3 10206
19066 2 3 3 10208
3277 2 3 3 10208
12884 2 3 3 10218
17101 2 3 3 10230
8495 2 3 3 10230
26478 2 3 3 10251
13309 2 3 3 10260
20547 2 3 3 10260
3133 2 3 3 10260
6979 2 3 3 10260
1642 2 3 3 10266
25995 2 3 3 10272
5460 2 3 3 10275
17720 2 3 3 10286
14935 2 3 3 10290
11588 2 3 3 10292
21905 2 3 3 10293
12928 2 3 3 10296
270 2 3 3 10296
27138 2 3 3 10296
2771 2 3 3 10296
3935 2 3 3 10296
2920 2 3 3 10298
10401 2 3 3 10314
26154 2 3 3 10320
30471 2 3 3 10323
19744 2 3 3 10324
26221 2 3 3 10329
29061 2 3 3 10332
25629 2 3 3 10336
29142 2 3 3 10350
29537 2 3 3 10350
8150 2 3 3 10350
8574 2 3 3 10360
12899 2 3 3 10368
17363 2 3 3 10368
19216 2 3 3 10368
20851 2 3 3 10368
21459 2 3 3 10368
8709 2 3 3 10368
6700 2 3 3 10395
2396 2 3 3 10400
25635 2 3 3 10404
22668 2 3 3 10406
32404 2 3 3 10411
18996 2 3 3 10416
27006 2 3 3 10416
8743 2 3 3 10428
16172 2 3 3 10440
27777 2 3 3 10440
26642 2 3 3 10450
4171 2 3 3 10452
828 2 3 3 10452
18766 2 3 3 10455
4773 2 3 3 10471
20356 2 3 3 10472
22958 2 3 3 10472
23028 2 3 3 10476
30855 2 3 3 10476
28842 2 3 3 10478
12839 2 3 3 10494
21941 2 3 3 10494
1217 2 3 3 10496
23723 2 3 3 10496
201 2 3 3 10500
31915 2 3 3 10500
16234 2 3 3 10506
4449 2 3 3 10509
1035 2 3 3 10520
8763 2 3 3 10526
18701 2 3 3 10530
29575 2 3 3 10530
5104 2 3 3 10530
6495 2 3 3 10540
14118 2 3 3 10545
24458 2 3 3 10545
15102 2 3 3 10560
18711 2 3 3 10560
19787 2 3 3 10560
22272 2 3 3 10560
27975 2 3 3 10560
28350 2 3 3 10560
4620 2 3 3 10564
14842 2 3 3 10590
28051 2 3 3 10593
13369 2 3 3 10602
23390 2 3 3 10605
11006 2 3 3 10608
16232 2 3 3 10608
7555 2 3 3 10614
10884 2 3 3 10632
7154 2 3 3 10633
10206 2 3 3 10640
15759 2 3 3 10642
25870 2 3 3 10656
3989 2 3 3 10656
1811 2 3 3 10664
26551 2 3 3 10664
444 2 3 3 10664
11056 2 3 3 10665
4269 2 3 3 10680
6442 2 3 3 10680
7817 2 3 3 10680
17128 2 3 3 10692
11464 2 3 3 10695
23420 2 3 3 10700
26348 2 3 3 10701
18968 2 3 3 10710
1438 2 3 3 10716
16397 2 3 3 10720
30753 2 3 3 10720
19626 2 3 3 10724
20094 2 3 3 10726
2583 2 3 3 10730
5206 2 3 3 10730
24984 2 3 3 10742
14429 2 3 2 10752
14510 2 3 2 10752
24034 2 3 2 10752
28454 2 3 2 10752
29530 2 3 3 10752
31177 2 3 2 10752
33136 2 3 2 10752
38468 2 3 2 10752
40675 2 3 2 10752
50835 2 3 2 10752
5345 2 3 3 10752
65194 2 3 2 10752
67138 2 3 2 10752
70620 2 3 2 10752
7877 2 3 2 10752
83222 2 3 2 10752
85164 2 3 2 10752
87904 2 3 2 10752
88266 2 3 2 10752
16798 2 3 3 10758
19230 2 3 3 10758
4210 2 3 3 10758
10566 2 3 3 10764
12448 2 3 3 10780
18768 2 3 3 10780
24123 2 3 3 10780
7950 2 3 3 10788
9332 2 3 3 10790
11125 2 3 3 10791
11876 2 3 3 10800
26435 2 3 3 10800
28155 2 3 3 10800
4796 2 3 3 10800
7585 2 3 3 10800
12372 2 3 3 10804
20487 2 3 3 10812
20644 2 3 3 10816
31411 2 3 3 10824
29076 2 3 3 10840
1074 2 3 3 10846
31646 2 3 3 10846
7296 2 3 3 10848
13080 2 3 3 10854
15567 2 3 3 10856
23907 2 3 3 10857
23956 2 3 3 10857
31643 2 3 3 10857
20064 2 3 3 10858
13718 2 3 3 10864
31935 2 3 3 10868
11290 2 3 3 10875
27929 2 3 3 10875
23062 2 3 3 10890
23219 2 3 3 10890
25391 2 3 3 10890
28264 2 3 3 10890
31808 2 3 3 10890
8351 2 3 3 10890
13363 2 3 3 10896
25945 2 3 3 10902
14040 2 3 3 10920
9451 2 3 3 10927
6792 2 3 3 10935
10691 2 3 3 10944
20514 2 3 3 10944
2764 2 3 3 10948
7721 2 3 3 10950
21943 2 3 3 10959
5861 2 3 3 10972
32386 2 3 3 10974
5947 2 3 3 10975
15327 2 3 3 10976
10705 2 3 3 10980
13263 2 3 3 10980
16043 2 3 3 10980
16121 2 3 3 10980
11349 2 3 3 10982
28279 2 3 3 10990
