2973 2 3 3 10017
3965 2 3 3 10074
5526 2 3 3 10074
1711 2 3 3 10075
5718 2 3 3 10086
2837 2 3 3 10152
1583 2 3 3 10200
1450 2 3 3 10206
4223 2 3 3 10206
3277 2 3 3 10208
3133 2 3 3 10260
1642 2 3 3 10266
5460 2 3 3 10275
270 2 3 3 10296
2771 2 3 3 10296
3935 2 3 3 10296
2920 2 3 3 10298
2396 2 3 3 10400
4171 2 3 3 10452
828 2 3 3 10452
4773 2 3 3 10471
1217 2 3 3 10496
201 2 3 3 10500
4449 2 3 3 10509
1035 2 3 3 10520
5104 2 3 3 10530
4620 2 3 3 10564
3989 2 3 3 10656
1811 2 3 3 10664
444 2 3 3 10664
4269 2 3 3 10680
1438 2 3 3 10716
2583 2 3 3 10730
5206 2 3 3 10730
5345 2 3 3 10752
4210 2 3 3 10758
4796 2 3 3 10800
1074 2 3 3 10846
2764 2 3 3 10948
5861 2 3 3 10972
5947 2 3 3 10975
404 2 3 3 11016
5461 2 3 3 11060
457 2 3 3 11076
3937 2 3 3 11100
5927 2 3 3 11104
5654 2 3 3 11130
6052 2 3 3 11160
4833 2 3 3 11172
4849 2 3 3 11220
5471 2 3 3 11220
2379 2 3 3 11232
5265 2 3 3 11270
5895 2 3 3 11275
3754 2 3 3 11394
750 2 3 3 11400
1091 2 3 3 11408
2022 2 3 3 11408
1246 2 3 3 11430
1802 2 3 3 11445
4499 2 3 3 11455
583 2 3 3 11470
1387 2 3 3 11475
28 2 3 3 11484
3203 2 3 3 11515
4600 2 3 3 11564
4604 2 3 3 11718
4967 2 3 3 11760
5816 2 3 3 11780
2419 2 3 3 11792
233 2 3 3 11880
1662 2 3 3 11920
5817 2 3 3 11932
1547 2 3 3 12096
5067 2 3 3 12104
3710 2 3 3 12120
3192 2 3 3 12129
4991 2 3 3 12180
4320 2 3 3 12254
3316 2 3 3 12272
4143 2 3 3 12280
2621 2 3 3 12300
3911 2 3 3 12300
3087 2 3 3 12320
3589 2 3 3 12348
3432 2 3 3 12410
237 2 3 3 12560
2933 2 3 3 12600
3223 2 3 3 12636
5975 2 3 3 12654
2280 2 3 3 12672
3763 2 3 3 12672
3400 2 3 3 12690
5358 2 3 3 12720
3 2 3 3 12741
5513 2 3 3 12788
3685 2 3 3 12792
4418 2 3 3 12798
768 2 3 3 12804
1182 2 3 3 12896
5603 2 3 3 12915
3863 2 3 3 12930
4169 2 3 3 12936
4030 2 3 3 12960
5838 2 3 3 12960
5351 2 3 3 13025
2936 2 3 3 13062
4886 2 3 3 13120
2606 2 3 3 13132
3663 2 3 3 13230
2119 2 3 3 13248
4783 2 3 3 13248
2133 2 3 3 13280
1907 2 3 3 13284
2226 2 3 3 13320
5211 2 3 3 13344
1813 2 3 3 13365
4112 2 3 3 13370
2760 2 3 3 13440
4707 2 3 3 13440
899 2 3 3 13527
2718 2 3 3 13572
283 2 3 3 13575
2929 2 3 3 13700
4431 2 3 3 13700
6033 2 3 3 13716
3609 2 3 3 13845
2024 2 3 3 13925
4910 2 3 3 13992
1647 2 3 3 14001
5506 2 3 3 14006
1053 2 3 3 14028
92 2 3 3 14070
2228 2 3 3 14100
4819 2 3 3 14100
901 2 3 3 14151
472 2 3 3 14220
3841 2 3 3 14256
367 2 3 3 14322
535 2 3 3 14368
2422 2 3 3 14404
4972 2 3 3 14413
1515 2 3 3 14418
5995 2 3 3 14430
5496 2 3 3 14442
6019 2 3 3 14445
15 2 3 3 14464
5209 2 3 3 14472
388 2 3 3 14475
1302 2 3 3 14484
5317 2 3 3 14514
553 2 3 3 14550
5121 2 3 3 14592
3914 2 3 3 14640
2683 2 3 3 14656
2996 2 3 3 14668
919 2 3 3 14670
5550 2 3 3 14696
3027 2 3 3 14760
838 2 3 3 14820
2308 2 3 3 14832
1420 2 3 3 14840
6038 2 3 3 14868
2802 2 3 3 14880
1051 2 3 3 14884
1373 2 3 3 14981
3302 2 3 3 15000
2803 2 3 3 15040
1145 2 3 3 15062
1735 2 3 3 15075
4173 2 3 3 15120
1179 2 3 3 15150
48 2 3 3 15150
1451 2 3 3 15168
1975 2 3 3 15228
1845 2 3 3 15272
5567 2 3 3 15387
3422 2 3 3 15496
1747 2 3 3 15540
4312 2 3 3 15582
5723 2 3 3 15680
4235 2 3 3 15696
4439 2 3 3 15717
3244 2 3 3 15729
3340 2 3 3 15732
3603 2 3 3 15741
5925 2 3 3 15750
1088 2 3 3 15776
4017 2 3 3 15792
903 2 3 3 15800
945 2 3 3 15800
3199 2 3 3 15855
2245 2 3 3 15870
586 2 3 3 15908
131 2 3 3 15979
2412 2 3 3 16058
3864 2 3 3 16060
2679 2 3 3 16100
1627 2 3 3 16110
421 2 3 3 16200
4307 2 3 3 16215
5100 2 3 3 16236
2425 2 3 3 16247
4119 2 3 3 16380
5275 2 3 3 16380
97 2 3 3 16380
2325 2 3 3 16400
1619 2 3 3 16408
5357 2 3 3 16434
5752 2 3 3 16450
3642 2 3 3 16554
1727 2 3 3 16587
4314 2 3 3 16625
4587 2 3 3 16632
2825 2 3 3 16675
501 2 3 3 16686
3338 2 3 3 16688
5058 2 3 3 16720
3185 2 3 3 16744
2450 2 3 3 16758
2210 2 3 3 16826
2064 2 3 3 16848
1215 2 3 3 16872
1807 2 3 3 16932
1687 2 3 3 17010
5205 2 3 3 17082
5389 2 3 3 17088
114 2 3 3 17098
1041 2 3 3 17292
310 2 3 3 17328
135 2 3 3 17346
3144 2 3 3 17444
1105 2 3 3 17514
1117 2 3 3 17545
2623 2 3 3 17613
3169 2 3 3 17632
1128 2 3 3 17664
5074 2 3 3 17701
3079 2 3 3 17740
3224 2 3 3 17784
3833 2 3 3 17808
5751 2 3 3 17820
2475 2 3 3 17853
4877 2 3 3 17888
1550 2 3 3 17952
803 2 3 3 17982
4090 2 3 3 18000
1636 2 3 3 18040
4013 2 3 3 18054
1359 2 3 3 18120
1072 2 3 3 18122
1928 2 3 3 18130
5123 2 3 3 18144
4226 2 3 3 18200
4462 2 3 3 18200
4983 2 3 3 18200
1309 2 3 3 18228
5124 2 3 3 18240
4617 2 3 3 18285
4421 2 3 3 18304
255 2 3 3 18360
1184 2 3 3 18375
350 2 3 3 18387
3941 2 3 3 18392
3529 2 3 3 18414
5881 2 3 3 18450
3152 2 3 3 18468
5715 2 3 3 18525
3273 2 3 3 18564
2643 2 3 3 18585
1291 2 3 3 18631
2815 2 3 3 18648
1216 2 3 3 18666
3103 2 3 3 18693
2052 2 3 3 18696
3988 2 3 3 18760
4164 2 3 3 18784
2037 2 3 3 18960
5174 2 3 3 18960
3348 2 3 3 19080
4296 2 3 3 19200
713 2 3 3 19250
3901 2 3 3 19278
5339 2 3 3 19404
5243 2 3 3 19470
978 2 3 3 19500
2826 2 3 3 19569
603 2 3 3 19584
3997 2 3 3 19656
168 2 3 3 19680
3227 2 3 3 19680
744 2 3 3 19728
304 2 3 3 19764
4213 2 3 3 19812
3074 2 3 3 19832
5616 2 3 3 19845
2888 2 3 3 19872
4784 2 3 3 19872
4665 2 3 3 19880
1342 2 3 3 19992
6885 2 3 3 20010
917 2 3 3 20034
4794 2 3 3 20068
6763 2 3 3 20125
1956 2 3 3 20328
2436 2 3 3 20328
6422 2 3 3 20361
542 2 3 3 20394
6789 2 3 3 20400
3415 2 3 3 20470
1731 2 3 3 20480
886 2 3 3 20497
4313 2 3 3 20522
6192 2 3 3 20536
8237 2 3 3 20580
6593 2 3 3 20658
7299 2 3 3 20682
5989 2 3 3 20724
823 2 3 3 20724
6294 2 3 3 20768
2539 2 3 3 20790
1167 2 3 3 20928
4932 2 3 3 20988
5999 2 3 3 20992
8392 2 3 3 20996
3110 2 3 3 21024
854 2 3 3 21060
5812 2 3 3 21156
578 2 3 3 21197
2897 2 3 3 21209
1658 2 3 3 21210
5511 2 3 3 21216
5877 2 3 3 21240
3491 2 3 3 21294
6655 2 3 3 21336
2263 2 3 3 21384
3635 2 3 3 21436
5164 2 3 3 21480
8101 2 3 3 21500
6817 2 3 3 21513
6813 2 3 3 21526
8064 2 3 3 21584
8625 2 3 3 21630
7958 2 3 3 21645
4909 2 3 3 21648
1211 2 3 3 21808
3476 2 3 3 21816
6399 2 3 3 21844
8707 2 3 3 21888
3776 2 3 3 21942
1393 2 3 3 21948
3716 2 3 3 21960
8113 2 3 3 22066
1466 2 3 3 22072
2530 2 3 3 22080
4844 2 3 3 22100
5901 2 3 3 22101
7739 2 3 3 22149
4911 2 3 3 22160
783 2 3 3 22184
8089 2 3 3 22196
2298 2 3 3 22248
566 2 3 3 22274
2001 2 3 3 22275
1974 2 3 3 22360
3897 2 3 3 22374
2257 2 3 3 22428
7805 2 3 3 22504
3541 2 3 3 22560
782 2 3 3 22562
7731 2 3 3 22646
5014 2 3 3 22680
7859 2 3 3 22680
6063 2 3 3 22703
1237 2 3 3 22704
2480 2 3 3 22720
2769 2 3 3 22750
8937 2 3 3 22750
2101 2 3 3 22784
2482 2 3 3 22880
5690 2 3 3 22914
8262 2 3 3 22920
7292 2 3 3 23056
7602 2 3 3 23056
6477 2 3 3 23140
5319 2 3 3 23184
4677 2 3 3 23244
5083 2 3 3 23250
7617 2 3 3 23268
1040 2 3 3 23352
5775 2 3 3 23353
1240 2 3 3 23408
5037 2 3 3 23424
7768 2 3 3 23460
8223 2 3 3 23520
4733 2 3 3 23600
6108 2 3 3 23622
2458 2 3 3 23680
5928 2 3 3 23680
3024 2 3 3 23712
5735 2 3 3 23750
1700 2 3 3 23760
1728 2 3 3 23808
8163 2 3 3 23808
4623 2 3 3 23904
6168 2 3 3 23936
8582 2 3 3 23940
3688 2 3 3 23976
774 2 3 3 23994
2266 2 3 3 24021
343 2 3 3 24095
7506 2 3 3 24156
7051 2 3 3 24165
6747 2 3 3 24192
4070 2 3 3 24252
1061 2 3 3 24253
7685 2 3 3 24309
5741 2 3 3 24320
8215 2 3 3 24320
462 2 3 3 24332
4162 2 3 3 24360
6527 2 3 3 24400
754 2 3 3 24435
6736 2 3 3 24440
7181 2 3 3 24453
3571 2 3 3 24480
1333 2 3 3 24534
7409 2 3 3 24552
2645 2 3 3 24576
8872 2 3 3 24576
119 2 3 3 24610
6688 2 3 3 24650
4812 2 3 3 24696
4919 2 3 3 24769
1110 2 3 3 24780
13 2 3 3 24831
2313 2 3 3 24840
8518 2 3 3 24840
5540 2 3 3 24852
786 2 3 3 24871
1649 2 3 3 24930
5883 2 3 3 24930
8882 2 3 3 24960
7242 2 3 3 24966
3518 2 3 3 24969
4542 2 3 3 24992
2704 2 3 3 25024
4356 2 3 3 25025
4495 2 3 3 25071
6859 2 3 3 25074
5869 2 3 3 25080
5101 2 3 3 25200
8304 2 3 3 25200
4531 2 3 3 25245
4630 2 3 3 25276
52 2 3 3 25344
3112 2 3 3 25380
5834 2 3 3 25404
432 2 3 3 25410
1862 2 3 3 25440
2453 2 3 3 25480
431 2 3 3 25480
7333 2 3 3 25500
1254 2 3 3 25530
730 2 3 3 25536
41 2 3 3 25584
4444 2 3 3 25604
1478 2 3 3 25668
871 2 3 3 25668
5043 2 3 3 25704
2884 2 3 3 25740
2479 2 3 3 25777
1485 2 3 3 25800
3461 2 3 3 25800
8079 2 3 3 25812
7158 2 3 3 25839
821 2 3 3 25844
2618 2 3 3 25850
6738 2 3 3 25863
4430 2 3 3 25888
437 2 3 3 25896
2850 2 3 3 25920
1920 2 3 3 25942
6836 2 3 3 25947
3715 2 3 3 25974
5584 2 3 3 25988
2986 2 3 3 26059
5924 2 3 3 26085
1772 2 3 3 26112
8598 2 3 3 26159
5447 2 3 3 26196
7625 2 3 3 26197
6684 2 3 3 26240
2793 2 3 3 26264
8886 2 3 3 26280
4039 2 3 3 26316
8604 2 3 3 26320
2002 2 3 3 26334
2021 2 3 3 26352
2654 2 3 3 26367
5645 2 3 3 26445
4953 2 3 3 26505
4175 2 3 3 26602
482 2 3 3 26676
5656 2 3 3 26680
2625 2 3 3 26691
8363 2 3 3 26715
2835 2 3 3 26718
7612 2 3 3 26784
3974 2 3 3 26793
8353 2 3 3 26832
4454 2 3 3 26880
3744 2 3 3 26910
111 2 3 3 26986
5497 2 3 3 27000
5330 2 3 3 27030
6368 2 3 3 27054
7021 2 3 3 27060
8940 2 3 3 27060
800 2 3 3 27105
2314 2 3 3 27132
6468 2 3 3 27168
2361 2 3 3 27200
6880 2 3 3 27225
5248 2 3 3 27260
374 2 3 3 27261
2893 2 3 3 27440
3406 2 3 3 27520
587 2 3 3 27522
8217 2 3 3 27552
8268 2 3 3 27621
8293 2 3 3 27797
946 2 3 3 27816
1310 2 3 3 27874
893 2 3 3 27888
3536 2 3 3 27911
1214 2 3 3 27924
206 2 3 3 27927
1381 2 3 3 27930
5008 2 3 3 28032
7944 2 3 3 28050
5019 2 3 3 28135
1129 2 3 3 28165
7371 2 3 3 28197
3929 2 3 3 28215
7656 2 3 3 28231
5181 2 3 3 28260
5797 2 3 3 28272
5683 2 3 3 28305
192 2 3 3 28336
6991 2 3 3 28336
1565 2 3 3 28340
3779 2 3 3 28380
217 2 3 3 28420
4835 2 3 3 28440
2070 2 3 3 28470
361 2 3 3 28518
5698 2 3 3 28587
884 2 3 3 28644
4154 2 3 3 28704
145 2 3 3 28710
2389 2 3 3 28728
5963 2 3 3 28728
6523 2 3 3 28728
2347 2 3 3 28776
6410 2 3 3 28800
6868 2 3 3 28821
4578 2 3 3 28914
4471 2 3 3 28944
2965 2 3 3 28960
6646 2 3 3 28994
3366 2 3 3 29016
3838 2 3 3 29088
1029 2 3 3 29160
7034 2 3 3 29176
4572 2 3 3 29200
3774 2 3 3 29325
1765 2 3 3 29380
6253 2 3 3 29400
574 2 3 3 29468
1830 2 3 3 29478
4987 2 3 3 29484
6321 2 3 3 29484
6833 2 3 3 29484
8480 2 3 3 29500
7340 2 3 3 29520
8467 2 3 3 29546
8218 2 3 3 29568
7704 2 3 3 29588
5594 2 3 3 29592
3441 2 3 3 29624
4127 2 3 3 29640
3621 2 3 3 29665
1164 2 3 3 29754
7472 2 3 3 29790
2591 2 3 3 29800
7241 2 3 3 29808
6785 2 3 3 29862
6709 2 3 3 29986
6930 2 3 3 29992
8219 2 3 3 30000
8502 2 3 3 30007
6757 2 3 3 30012
6083 2 3 3 30030
3821 2 3 3 30096
5984 2 3 3 30100
3819 2 3 3 30130
1050 2 3 3 30132
1156 2 3 3 30210
2926 2 3 3 30240
4001 2 3 3 30240
2184 2 3 3 30258
3025 2 3 3 30264
9708 2 3 3 30294
955 2 3 3 30324
2871 2 3 3 30360
7037 2 3 3 30411
8863 2 3 3 30480
141 2 3 3 30495
7250 2 3 3 30552
8671 2 3 3 30597
4375 2 3 3 30600
1819 2 3 3 30624
5955 2 3 3 30744
7368 2 3 3 30744
42 2 3 3 30800
1453 2 3 3 30804
8575 2 3 3 30846
5669 2 3 3 30876
5254 2 3 3 30888
2455 2 3 3 30924
1213 2 3 3 30952
7161 2 3 3 30956
5569 2 3 3 30996
7773 2 3 3 30996
3411 2 3 3 31008
4398 2 3 3 31024
7845 2 3 3 31086
4283 2 3 3 31164
795 2 3 3 31188
3721 2 3 3 31200
3430 2 3 3 31296
8394 2 3 3 31302
8775 2 3 3 31302
156 2 3 3 31392
9641 2 3 3 31392
7464 2 3 3 31395
5597 2 3 3 31416
9436 2 3 3 31457
7637 2 3 3 31464
4970 2 3 3 31476
7281 2 3 3 31494
8451 2 3 3 31500
4469 2 3 3 31524
6238 2 3 3 31584
1009 2 3 3 31616
2627 2 3 3 31622
7329 2 3 3 31654
3188 2 3 3 31759
6710 2 3 3 31776
1635 2 3 3 31824
6194 2 3 3 31920
7879 2 3 3 31951
5915 2 3 3 31960
3282 2 3 3 32004
5034 2 3 3 32032
5562 2 3 3 32032
6304 2 3 3 32165
9230 2 3 3 32301
4401 2 3 3 32400
573 2 3 3 32448
1458 2 3 3 32508
6047 2 3 3 32508
3815 2 3 3 32544
7609 2 3 3 32544
438 2 3 3 32555
9775 2 3 3 32560
7379 2 3 3 32580
116 2 3 3 32595
4612 2 3 3 32616
6404 2 3 3 32640
3298 2 3 3 32670
8560 2 3 3 32712
799 2 3 3 32724
1223 2 3 3 32754
3986 2 3 3 32756
6158 2 3 3 32760
1321 2 3 3 32830
373 2 3 3 32912
8628 2 3 3 32915
3172 2 3 3 32940
3814 2 3 3 32946
7960 2 3 3 32994
4941 2 3 3 33012
1096 2 3 3 33072
8305 2 3 3 33072
4827 2 3 3 33089
446 2 3 3 33264
5564 2 3 3 33274
5731 2 3 3 33330
2315 2 3 3 33333
2873 2 3 3 33396
1375 2 3 3 33480
6662 2 3 3 33480
6934 2 3 3 33495
1532 2 3 3 33550
546 2 3 3 33630
8382 2 3 3 33654
1 2 3 3 33672
7497 2 3 3 33712
3796 2 3 3 33728
3090 2 3 3 33744
3620 2 3 3 33748
5475 2 3 3 33768
1631 2 3 3 33796
2779 2 3 3 33798
1847 2 3 3 33836
4689 2 3 3 33880
3750 2 3 3 33902
2628 2 3 3 33925
3127 2 3 3 33930
2693 2 3 3 33968
8135 2 3 3 34017
8061 2 3 3 34048
3122 2 3 3 34056
4913 2 3 3 34128
2354 2 3 3 34170
7648 2 3 3 34188
5788 2 3 3 34194
7525 2 3 3 34240
852 2 3 3 34320
6346 2 3 3 34364
9029 2 3 3 34400
4384 2 3 3 34410
8989 2 3 3 34428
1686 2 3 3 34440
5694 2 3 3 34485
5116 2 3 3 34500
4374 2 3 3 34544
5218 2 3 3 34560
7437 2 3 3 34580
4818 2 3 3 34596
1603 2 3 3 34632
3311 2 3 3 34650
9680 2 3 3 34740
933 2 3 3 34749
636 2 3 3 34768
7881 2 3 3 34808
998 2 3 3 34830
2348 2 3 3 34848
2531 2 3 3 34848
9782 2 3 3 34881
9510 2 3 3 34894
6957 2 3 3 34983
6385 2 3 3 35025
7751 2 3 3 35112
4546 2 3 3 35114
7208 2 3 3 35133
5621 2 3 3 35136
9139 2 3 3 35164
147 2 3 3 35223
5684 2 3 3 35226
6592 2 3 3 35280
3414 2 3 3 35298
4829 2 3 3 35424
7519 2 3 3 35427
5969 2 3 3 35445
1274 2 3 3 35476
3654 2 3 3 35496
4735 2 3 3 35496
6640 2 3 3 35520
4522 2 3 3 35550
8564 2 3 3 35568
5606 2 3 3 35595
7304 2 3 3 35604
5407 2 3 3 35625
7235 2 3 3 35640
834 2 3 3 35640
6353 2 3 3 35668
1210 2 3 3 35712
9769 2 3 3 35763
3297 2 3 3 35765
1987 2 3 3 35802
3121 2 3 3 35844
9221 2 3 3 35856
8510 2 3 3 35880
5443 2 3 3 35882
2656 2 3 3 35910
8725 2 3 3 35910
9592 2 3 3 35934
3030 2 3 3 36000
4885 2 3 3 36036
9296 2 3 3 36072
5771 2 3 3 36080
9717 2 3 3 36096
3930 2 3 3 36146
9549 2 3 3 36234
8125 2 3 3 36414
1428 2 3 3 36423
4145 2 3 3 36432
8851 2 3 3 36432
3585 2 3 3 36450
9195 2 3 3 36462
317 2 3 3 36504
1236 2 3 3 36520
43 2 3 3 36576
8643 2 3 3 36580
2537 2 3 3 36624
6216 2 3 3 36660
9334 2 3 3 36672
2373 2 3 3 36720
5009 2 3 3 36720
930 2 3 3 37054
5721 2 3 3 37080
8837 2 3 3 37120
9310 2 3 3 37142
5200 2 3 3 37146
3439 2 3 3 37240
6588 2 3 3 37280
7139 2 3 3 37290
4470 2 3 3 37296
8343 2 3 3 37318
5605 2 3 3 37347
1644 2 3 3 37400
5537 2 3 3 37412
6689 2 3 3 37434
1355 2 3 3 37440
7052 2 3 3 37440
789 2 3 3 37440
6184 2 3 3 37442
6776 2 3 3 37506
1362 2 3 3 37523
8973 2 3 3 37524
1615 2 3 3 37557
5806 2 3 3 37576
1842 2 3 3 37683
9808 2 3 3 37800
1707 2 3 3 37908
4413 2 3 3 37920
848 2 3 3 37932
4365 2 3 3 37968
4813 2 3 3 38054
4120 2 3 3 38055
8290 2 3 3 38060
2812 2 3 3 38086
7812 2 3 3 38186
4029 2 3 3 38214
7687 2 3 3 38220
2565 2 3 3 38226
6517 2 3 3 38250
3020 2 3 3 38266
4799 2 3 3 38350
5533 2 3 3 38390
6553 2 3 3 38410
8108 2 3 3 38430
9072 2 3 3 38493
2580 2 3 3 38556
486 2 3 3 38556
6178 2 3 3 38556
3306 2 3 3 38584
289 2 3 3 38622
5044 2 3 3 38640
8100 2 3 3 38703
6476 2 3 3 38760
9634 2 3 3 38760
291 2 3 3 38880
7165 2 3 3 38896
5874 2 3 3 38920
2953 2 3 3 38930
5865 2 3 3 38969
24 2 3 3 39072
1141 2 3 3 39092
3147 2 3 3 39128
7384 2 3 3 39156
2406 2 3 3 39168
4921 2 3 3 39169
276 2 3 3 39220
6945 2 3 3 39270
3866 2 3 3 39292
8667 2 3 3 39360
9199 2 3 3 39388
5400 2 3 3 39424
390 2 3 3 39480
70 2 3 3 39516
5410 2 3 3 39600
9095 2 3 3 39634
6170 2 3 3 39648
8050 2 3 3 39663
4691 2 3 3 39664
7952 2 3 3 39694
6492 2 3 3 39744
4157 2 3 3 39750
8516 2 3 3 39780
3836 2 3 3 39794
4857 2 3 3 39798
3379 2 3 3 39936
2503 2 3 3 39950
5536 2 3 3 39984
2635 2 3 3 39990
8555 2 3 3 39990
1024 2 3 3 40000
5929 2 3 3 40082
4140 2 3 3 40100
6322 2 3 3 40120
2076 2 3 3 40140
3894 2 3 3 40170
2339 2 3 3 40188
2640 2 3 3 40200
5186 2 3 3 40239
2901 2 3 3 40250
3291 2 3 3 40299
6122 2 3 3 40320
8888 2 3 3 40330
7604 2 3 3 40341
8199 2 3 3 40392
4582 2 3 3 40406
5258 2 3 3 40449
6879 2 3 3 40468
2730 2 3 3 40482
7889 2 3 3 40486
269 2 3 3 40512
920 2 3 3 40548
610 2 3 3 40572
167 2 3 3 40584
2787 2 3 3 40596
4634 2 3 3 40602
2073 2 3 3 40608
6650 2 3 3 40608
8401 2 3 3 40698
6349 2 3 3 40704
2446 2 3 3 40768
2066 2 3 3 40850
3722 2 3 3 40866
7430 2 3 3 40866
7663 2 3 3 40932
3413 2 3 3 40950
4458 2 3 3 40950
6520 2 3 3 41000
4367 2 3 3 41006
5232 2 3 3 41022
53 2 3 3 41040
3590 2 3 3 41072
6983 2 3 3 41181
5686 2 3 3 41184
3538 2 3 3 41262
4330 2 3 3 41418
4745 2 3 3 41440
6997 2 3 3 41472
4610 2 3 3 41496
3592 2 3 3 41550
4172 2 3 3 41580
6177 2 3 3 41580
6660 2 3 3 41580
5639 2 3 3 41616
347 2 3 3 41666
4351 2 3 3 41706
1052 2 3 3 41760
6257 2 3 3 41760
4524 2 3 3 41778
5418 2 3 3 41785
3577 2 3 3 41796
7098 2 3 3 41808
1282 2 3 3 41832
4206 2 3 3 41832
1630 2 3 3 42048
2483 2 3 3 42059
2404 2 3 3 42075
4195 2 3 3 42174
9020 2 3 3 42195
5938 2 3 3 42228
5446 2 3 3 42282
2823 2 3 3 42336
4137 2 3 3 42336
3449 2 3 3 42372
6865 2 3 3 42380
6810 2 3 3 42408
7686 2 3 3 42471
1768 2 3 3 42480
4231 2 3 3 42534
662 2 3 3 42560
4364 2 3 3 42640
3690 2 3 3 42656
1988 2 3 3 42660
7268 2 3 3 42672
7166 2 3 3 42700
403 2 3 3 42714
3713 2 3 3 42827
8887 2 3 3 42834
5274 2 3 3 42864
2880 2 3 3 42944
792 2 3 3 43000
4243 2 3 3 43008
2457 2 3 3 43010
8313 2 3 3 43030
6014 2 3 3 43056
6839 2 3 3 43056
5143 2 3 3 43078
7532 2 3 3 43090
4876 2 3 3 43104
139 2 3 3 43134
8252 2 3 3 43146
4797 2 3 3 43164
6590 2 3 3 43164
4023 2 3 3 43200
5445 2 3 3 43200
6162 2 3 3 43200
9035 2 3 3 43200
3753 2 3 3 43228
6105 2 3 3 43230
8475 2 3 3 43316
5102 2 3 3 43380
7618 2 3 3 43392
1645 2 3 3 43452
6625 2 3 3 43488
7973 2 3 3 43512
1180 2 3 3 43524
3292 2 3 3 43524
286 2 3 3 43680
3647 2 3 3 43680
6634 2 3 3 43680
3978 2 3 3 43688
6424 2 3 3 43710
6586 2 3 3 43722
2307 2 3 3 43736
3353 2 3 3 43750
107 2 3 3 43776
7160 2 3 3 43776
5167 2 3 3 43845
5520 2 3 3 43851
3475 2 3 3 43884
2765 2 3 3 43896
5713 2 3 3 43955
2014 2 3 3 43956
7216 2 3 3 43956
1701 2 3 3 43968
1537 2 3 3 44000
5327 2 3 3 44109
8796 2 3 3 44114
5305 2 3 3 44160
5439 2 3 3 44175
779 2 3 3 44196
9110 2 3 3 44240
7895 2 3 3 44268
7819 2 3 3 44280
316 2 3 3 44283
8987 2 3 3 44308
6339 2 3 3 44312
7010 2 3 3 44352
1586 2 3 3 44377
9065 2 3 3 44415
5394 2 3 3 44436
3269 2 3 3 44460
5772 2 3 3 44460
6032 2 3 3 44544
5464 2 3 3 44631
471 2 3 3 44640
2062 2 3 3 44649
5204 2 3 3 44688
6136 2 3 3 44690
2344 2 3 3 44694
1999 2 3 3 44736
158 2 3 3 44800
6475 2 3 3 44892
2316 2 3 3 44916
1320 2 3 3 44928
8804 2 3 3 44928
6519 2 3 3 44988
4838 2 3 3 45024
8684 2 3 3 45030
6201 2 3 3 45080
4716 2 3 3 45144
2841 2 3 3 45288
3569 2 3 3 45288
5495 2 3 3 45315
1312 2 3 3 45390
365 2 3 3 45396
2739 2 3 3 45408
4092 2 3 3 45423
5884 2 3 3 45432
1769 2 3 3 45448
3250 2 3 3 45549
1429 2 3 3 45600
4978 2 3 3 45600
8710 2 3 3 45640
673 2 3 3 45675
8202 2 3 3 45696
5767 2 3 3 45698
8962 2 3 3 45720
3535 2 3 3 45756
8225 2 3 3 45760
8561 2 3 3 45765
5271 2 3 3 45840
3664 2 3 3 45864
5378 2 3 3 45924
1076 2 3 3 45968
5756 2 3 3 45974
6367 2 3 3 46001
8473 2 3 3 46004
5383 2 3 3 46020
2559 2 3 3 46092
8319 2 3 3 46168
6392 2 3 3 46191
6905 2 3 3 46200
8595 2 3 3 46320
312 2 3 3 46350
6986 2 3 3 46355
1608 2 3 3 46368
5114 2 3 3 46440
1505 2 3 3 46488
229 2 3 3 46560
3270 2 3 3 46560
5509 2 3 3 46640
7572 2 3 3 46746
8712 2 3 3 46754
2204 2 3 3 46760
1308 2 3 3 46800
495 2 3 3 46800
6923 2 3 3 46800
1104 2 3 3 46948
1471 2 3 3 46965
872 2 3 3 47002
1993 2 3 3 47100
2511 2 3 3 47112
6781 2 3 3 47124
7771 2 3 3 47124
8678 2 3 3 47124
1490 2 3 3 47232
6860 2 3 3 47232
8323 2 3 3 47232
4287 2 3 3 47250
7902 2 3 3 47300
2535 2 3 3 47472
2031 2 3 3 47520
4698 2 3 3 47520
2398 2 3 3 47570
4540 2 3 3 47595
8971 2 3 3 47658
6875 2 3 3 47709
1181 2 3 3 47736
2127 2 3 3 47736
4377 2 3 3 47736
1651 2 3 3 47790
3780 2 3 3 47850
3257 2 3 3 47895
8781 2 3 3 47895
929 2 3 3 47912
8941 2 3 3 47960
5215 2 3 3 47988
6818 2 3 3 47998
1614 2 3 3 48132
5623 2 3 3 48140
6043 2 3 3 48192
253 2 3 3 48195
3410 2 3 3 48204
5430 2 3 3 48208
6228 2 3 3 48224
5803 2 3 3 48246
8129 2 3 3 48300
2384 2 3 3 48348
3321 2 3 3 48348
3450 2 3 3 48410
6554 2 3 3 48450
4537 2 3 3 48488
7708 2 3 3 48500
3395 2 3 3 48576
7334 2 3 3 48576
4086 2 3 3 48618
6302 2 3 3 48620
5763 2 3 3 48642
5774 2 3 3 48645
4898 2 3 3 48720
3505 2 3 3 48723
840 2 3 3 48762
2971 2 3 3 48786
6524 2 3 3 48848
8051 2 3 3 48870
6112 2 3 3 48900
9100 2 3 3 48960
5429 2 3 3 49023
3629 2 3 3 49028
5505 2 3 3 49105
766 2 3 3 49140
4505 2 3 3 49152
8448 2 3 3 49173
5517 2 3 3 49256
3307 2 3 3 49410
3588 2 3 3 49476
7821 2 3 3 49686
5217 2 3 3 49728
8332 2 3 3 49731
5063 2 3 3 49764
3524 2 3 3 49767
8826 2 3 3 49780
1864 2 3 3 49818
6899 2 3 3 49842
1021 2 3 3 49896
4212 2 3 3 49910
369 2 3 3 49932
7592 2 3 3 49950
4647 2 3 3 49995
5614 2 3 3 50000
8424 2 3 3 50018
3018 2 3 3 50038
1154 2 3 3 50048
8449 2 3 3 50055
2377 2 3 3 50064
989 2 3 3 50160
2843 2 3 3 50172
2541 2 3 3 50220
7274 2 3 3 50232
6538 2 3 3 50264
4149 2 3 3 50292
7888 2 3 3 50362
5417 2 3 3 50397
3184 2 3 3 50398
7261 2 3 3 50400
892 2 3 3 50400
4899 2 3 3 50445
5664 2 3 3 50490
2277 2 3 3 50544
7764 2 3 3 50550
7674 2 3 3 50616
7029 2 3 3 50673
2581 2 3 3 50778
6472 2 3 3 50850
1287 2 3 3 50862
7423 2 3 3 50864
7894 2 3 3 50876
684 2 3 3 50960
7039 2 3 3 50960
7916 2 3 3 50964
1535 2 3 3 51040
4552 2 3 3 51040
1316 2 3 3 51102
751 2 3 3 51121
6620 2 3 3 51156
3283 2 3 3 51282
6087 2 3 3 51300
6901 2 3 3 51360
1495 2 3 3 51392
7123 2 3 3 51408
4084 2 3 3 51410
667 2 3 3 51456
1432 2 3 3 51480
1957 2 3 3 51480
7494 2 3 3 51516
7339 2 3 3 51520
6507 2 3 3 51528
5823 2 3 3 51636
1791 2 3 3 51708
1030 2 3 3 51800
8395 2 3 3 51810
1276 2 3 3 51832
5750 2 3 3 51870
5724 2 3 3 51883
7762 2 3 3 51900
1113 2 3 3 51952
8336 2 3 3 51968
6000 2 3 3 51984
817 2 3 3 51984
8734 2 3 3 52000
5157 2 3 3 52026
8200 2 3 3 52032
2003 2 3 3 52096
338 2 3 3 52171
2180 2 3 3 52206
8870 2 3 3 52380
5113 2 3 3 52398
6373 2 3 3 52416
8390 2 3 3 52452
7271 2 3 3 52490
5608 2 3 3 52507
771 2 3 3 52574
8875 2 3 3 52578
6243 2 3 3 52644
3517 2 3 3 52650
6432 2 3 3 52650
5324 2 3 3 52662
1744 2 3 3 52668
7863 2 3 3 52728
5457 2 3 3 52734
4571 2 3 3 52800
4072 2 3 3 52812
606 2 3 3 52820
8969 2 3 3 52920
172 2 3 3 52954
2554 2 3 3 52974
4750 2 3 3 52992
8828 2 3 3 53124
2722 2 3 3 53130
3992 2 3 3 53130
6940 2 3 3 53152
447 2 3 3 53248
1681 2 3 3 53250
1858 2 3 3 53259
1058 2 3 3 53286
2447 2 3 3 53352
2358 2 3 3 53400
8245 2 3 3 53508
5393 2 3 3 53530
1218 2 3 3 53541
1666 2 3 3 53568
1942 2 3 3 53592
6463 2 3 3 53599
8641 2 3 3 53613
6383 2 3 3 53669
2595 2 3 3 53676
8489 2 3 3 53704
5612 2 3 3 53760
5557 2 3 3 53808
2121 2 3 3 53820
8439 2 3 3 53866
1005 2 3 3 53874
8568 2 3 3 53932
2341 2 3 3 53940
8919 2 3 3 53940
580 2 3 3 53956
1754 2 3 3 53988
3825 2 3 3 54000
8234 2 3 3 54020
2699 2 3 3 54036
7521 2 3 3 54036
5408 2 3 3 54060
8594 2 3 3 54096
6503 2 3 3 54150
8846 2 3 3 54168
4342 2 3 3 54229
6344 2 3 3 54230
4034 2 3 3 54240
5301 2 3 3 54240
4236 2 3 3 54264
2858 2 3 3 54270
2567 2 3 3 54360
2440 2 3 3 54432
4758 2 3 3 54480
4753 2 3 3 54492
2126 2 3 3 54575
1982 2 3 3 54600
7837 2 3 3 54648
110 2 3 3 54780
1067 2 3 3 54817
4675 2 3 3 54832
6107 2 3 3 54900
531 2 3 3 54945
710 2 3 3 54988
5280 2 3 3 55024
3799 2 3 3 55056
4589 2 3 3 55074
1749 2 3 3 55080
214 2 3 3 55080
7318 2 3 3 55104
57 2 3 3 55145
5269 2 3 3 55180
7962 2 3 3 55245
8374 2 3 3 55272
8328 2 3 3 55304
8732 2 3 3 55328
6431 2 3 3 55384
7697 2 3 3 55390
2229 2 3 3 55418
5463 2 3 3 55420
4976 2 3 3 55428
4263 2 3 3 55440
2686 2 3 3 55476
1901 2 3 3 55580
6459 2 3 3 55584
621 2 3 3 55647
1296 2 3 3 55836
6715 2 3 3 55848
3906 2 3 3 55929
4234 2 3 3 55930
6006 2 3 3 56066
7734 2 3 3 56088
2011 2 3 3 56108
7056 2 3 3 56160
7735 2 3 3 56160
3003 2 3 3 56280
7091 2 3 3 56283
3735 2 3 3 56350
2846 2 3 3 56376
6872 2 3 3 56388
5031 2 3 3 56416
8844 2 3 3 56448
5145 2 3 3 56496
8791 2 3 3 56564
3054 2 3 3 56580
3687 2 3 3 56580
1529 2 3 3 56600
2163 2 3 3 56604
5787 2 3 3 56604
5974 2 3 3 56628
4359 2 3 3 56635
7081 2 3 3 56780
5576 2 3 3 56784
1258 2 3 3 56832
7784 2 3 3 56832
476 2 3 3 56856
525 2 3 3 56862
4045 2 3 3 56964
2732 2 3 3 56970
2577 2 3 3 57024
3757 2 3 3 57096
5414 2 3 3 57096
1304 2 3 3 57116
5032 2 3 3 57200
6106 2 3 3 57255
6890 2 3 3 57304
7344 2 3 3 57304
8883 2 3 3 57340
1965 2 3 3 57352
7576 2 3 3 57392
7126 2 3 3 57486
1469 2 3 3 57525
3328 2 3 3 57530
1098 2 3 3 57531
3281 2 3 3 57540
8892 2 3 3 57558
6974 2 3 3 57596
2287 2 3 3 57600
1249 2 3 3 57638
4720 2 3 3 57640
2303 2 3 3 57652
8959 2 3 3 57780
5277 2 3 3 57810
676 2 3 3 57816
3186 2 3 3 57888
7170 2 3 3 57925
1171 2 3 3 57960
4370 2 3 3 57960
1015 2 3 3 57969
6649 2 3 3 58032
5403 2 3 3 58056
3217 2 3 3 58140
5267 2 3 3 58190
7923 2 3 3 58295
4071 2 3 3 58320
5272 2 3 3 58320
8156 2 3 3 58320
3802 2 3 3 58344
8015 2 3 3 58400
2564 2 3 3 58476
2205 2 3 3 58500
456 2 3 3 58500
1867 2 3 3 58520
4914 2 3 3 58608
2861 2 3 3 58638
7920 2 3 3 58672
6425 2 3 3 58752
2698 2 3 3 58800
7199 2 3 3 58824
3822 2 3 3 58830
7669 2 3 3 58916
334 2 3 3 58968
7190 2 3 3 58968
7806 2 3 3 58968
3105 2 3 3 58982
2165 2 3 3 59032
612 2 3 3 59048
5981 2 3 3 59064
4656 2 3 3 59078
8460 2 3 3 59136
706 2 3 3 59160
6707 2 3 3 59200
1972 2 3 3 59210
7873 2 3 3 59220
2120 2 3 3 59334
876 2 3 3 59340
1235 2 3 3 59346
6815 2 3 3 59356
1489 2 3 3 59364
1226 2 3 3 59400
3265 2 3 3 59400
4372 2 3 3 59400
5678 2 3 3 59430
5527 2 3 3 59496
4355 2 3 3 59500
1361 2 3 3 59508
7132 2 3 3 59520
3582 2 3 3 59616
8727 2 3 3 59616
5377 2 3 3 59630
8894 2 3 3 59655
3107 2 3 3 59670
3350 2 3 3 59670
611 2 3 3 59727
5706 2 3 3 59760
5689 2 3 3 59768
6569 2 3 3 59778
7871 2 3 3 59796
6027 2 3 3 59808
1016 2 3 3 59829
8493 2 3 3 59832
8446 2 3 3 59840
1177 2 3 3 59850
6433 2 3 3 59853
6943 2 3 3 59898
784 2 3 3 59904
8288 2 3 3 59904
8311 2 3 3 59911
6185 2 3 3 59946
2346 2 3 3 60016
1382 2 3 3 60040
8284 2 3 3 60060
7476 2 3 3 60075
5253 2 3 3 60092
7840 2 3 3 60102
7607 2 3 3 60120
5768 2 3 3 60143
8052 2 3 3 60216
4616 2 3 3 60228
6330 2 3 3 60270
3028 2 3 3 60300
3005 2 3 3 60320
7995 2 3 3 60320
8452 2 3 3 60320
4644 2 3 3 60342
3325 2 3 3 60372
7709 2 3 3 60384
1738 2 3 3 60390
7104 2 3 3 60390
8674 2 3 3 60391
8681 2 3 3 60420
1763 2 3 3 60450
2357 2 3 3 60579
6794 2 3 3 60630
2154 2 3 3 60653
861 2 3 3 60660
6393 2 3 3 60672
8266 2 3 3 60690
2553 2 3 3 60750
5055 2 3 3 60750
728 2 3 3 60760
2746 2 3 3 60770
6696 2 3 3 60792
1610 2 3 3 60813
5452 2 3 3 60822
6630 2 3 3 60828
727 2 3 3 60840
3117 2 3 3 60858
5197 2 3 3 60928
8631 2 3 3 60928
3717 2 3 3 61028
7434 2 3 3 61060
5175 2 3 3 61070
6261 2 3 3 61070
6535 2 3 3 61200
2700 2 3 3 61232
1126 2 3 3 61248
3969 2 3 3 61288
5668 2 3 3 61344
7382 2 3 3 61370
2117 2 3 3 61372
3076 2 3 3 61404
3398 2 3 3 61408
1360 2 3 3 61488
8212 2 3 3 61548
7534 2 3 3 61566
3920 2 3 3 61586
4938 2 3 3 61632
1086 2 3 3 61710
1939 2 3 3 61710
4649 2 3 3 61712
6436 2 3 3 61740
1553 2 3 3 61758
3961 2 3 3 61776
6328 2 3 3 61776
2731 2 3 3 61913
6704 2 3 3 61915
4031 2 3 3 61940
511 2 3 3 62000
891 2 3 3 62049
3503 2 3 3 62062
6587 2 3 3 62073
2193 2 3 3 62080
3869 2 3 3 62100
528 2 3 3 62100
1783 2 3 3 62140
7462 2 3 3 62160
4940 2 3 3 62176
8482 2 3 3 62192
8809 2 3 3 62192
6401 2 3 3 62196
8836 2 3 3 62244
6556 2 3 3 62288
6666 2 3 3 62329
7148 2 3 3 62415
6142 2 3 3 62416
2870 2 3 3 62700
5494 2 3 3 62832
2080 2 3 3 62865
4220 2 3 3 63024
2059 2 3 3 63042
3143 2 3 3 63140
4240 2 3 3 63180
3849 2 3 3 63210
5022 2 3 3 63246
2928 2 3 3 63270
5426 2 3 3 63308
500 2 3 3 63318
5314 2 3 3 63366
5148 2 3 3 63404
7455 2 3 3 63420
7290 2 3 3 63427
8562 2 3 3 63474
7547 2 3 3 63492
7593 2 3 3 63516
1930 2 3 3 63558
5627 2 3 3 63612
4386 2 3 3 63648
1844 2 3 3 63712
7058 2 3 3 63720
956 2 3 3 63724
3793 2 3 3 63801
7626 2 3 3 63933
605 2 3 3 63936
2190 2 3 3 63960
7045 2 3 3 63960
1762 2 3 3 63984
7589 2 3 3 64008
5864 2 3 3 64032
3195 2 3 3 64064
3200 2 3 3 64125
1696 2 3 3 64148
4636 2 3 3 64155
8278 2 3 3 64184
8399 2 3 3 64232
248 2 3 3 64236
7125 2 3 3 64242
6057 2 3 3 64260
5507 2 3 3 64320
965 2 3 3 64437
1151 2 3 3 64512
280 2 3 3 64512
3559 2 3 3 64532
4939 2 3 3 64584
7852 2 3 3 64614
4366 2 3 3 64638
7183 2 3 3 64640
1297 2 3 3 64680
1880 2 3 3 64777
1424 2 3 3 64780
4052 2 3 3 64782
2510 2 3 3 64800
5262 2 3 3 64800
8540 2 3 3 64800
3457 2 3 3 64845
5860 2 3 3 64872
4960 2 3 3 64890
7827 2 3 3 64896
3000 2 3 3 64920
2445 2 3 3 64923
4694 2 3 3 64930
7226 2 3 3 64935
7233 2 3 3 65001
1225 2 3 3 65016
5760 2 3 3 65072
3932 2 3 3 65100
1326 2 3 3 65182
1935 2 3 3 65224
4565 2 3 3 65232
3982 2 3 3 65250
226 2 3 3 65286
7411 2 3 3 65340
7616 2 3 3 65340
1202 2 3 3 65360
2831 2 3 3 65360
1209 2 3 3 65404
6960 2 3 3 65408
4322 2 3 3 65450
1757 2 3 3 65500
4188 2 3 3 65520
7300 2 3 3 65520
8020 2 3 3 65520
7740 2 3 3 65569
6869 2 3 3 65610
5871 2 3 3 65664
5530 2 3 3 65750
6414 2 3 3 65758
7526 2 3 3 65760
4098 2 3 3 65790
8906 2 3 3 65844
2465 2 3 3 65856
6797 2 3 3 65952
86 2 3 3 65968
6068 2 3 3 65988
8318 2 3 3 66024
4250 2 3 3 66030
6608 2 3 3 66080
1828 2 3 3 66150
4655 2 3 3 66240
249 2 3 3 66375
2183 2 3 3 66381
6537 2 3 3 66405
8591 2 3 3 66424
1020 2 3 3 66456
6091 2 3 3 66585
7101 2 3 3 66600
1512 2 3 3 66624
5069 2 3 3 66624
3910 2 3 3 66654
2102 2 3 3 66671
6788 2 3 3 66700
2421 2 3 3 66792
2821 2 3 3 66792
4945 2 3 3 66792
4956 2 3 3 66816
4741 2 3 3 66960
5484 2 3 3 66960
5755 2 3 3 66976
2243 2 3 3 67014
4041 2 3 3 67032
6975 2 3 3 67095
5746 2 3 3 67100
1523 2 3 3 67125
4219 2 3 3 67160
4887 2 3 3 67160
8000 2 3 3 67164
2220 2 3 3 67200
4197 2 3 3 67200
4850 2 3 3 67200
617 2 3 3 67200
3358 2 3 3 67262
7055 2 3 3 67304
3360 2 3 3 67344
8831 2 3 3 67392
2063 2 3 3 67500
3516 2 3 3 67500
2749 2 3 3 67512
8508 2 3 3 67512
8022 2 3 3 67521
1346 2 3 3 67614
2434 2 3 3 67680
6849 2 3 3 67716
7982 2 3 3 67716
4436 2 3 3 67914
3290 2 3 3 67932
659 2 3 3 67968
8372 2 3 3 68005
1650 2 3 3 68040
8457 2 3 3 68058
3066 2 3 3 68076
506 2 3 3 68112
6309 2 3 3 68134
689 2 3 3 68160
4534 2 3 3 68172
846 2 3 3 68208
1371 2 3 3 68238
3313 2 3 3 68250
5192 2 3 3 68256
4863 2 3 3 68272
4631 2 3 3 68295
6686 2 3 3 68310
6488 2 3 3 68328
8018 2 3 3 68352
3407 2 3 3 68376
1023 2 3 3 68400
188 2 3 3 68400
6333 2 3 3 68400
8153 2 3 3 68400
8807 2 3 3 68530
693 2 3 3 68640
1559 2 3 3 68655
6850 2 3 3 68700
3855 2 3 3 68724
837 2 3 3 68786
5906 2 3 3 68800
6532 2 3 3 68800
877 2 3 3 68816
4601 2 3 3 68820
2814 2 3 3 68849
1996 2 3 3 68850
8552 2 3 3 68850
5650 2 3 3 68904
1790 2 3 3 68972
5057 2 3 3 68992
6045 2 3 3 68992
5119 2 3 3 69000
4653 2 3 3 69056
2719 2 3 3 69084
1186 2 3 3 69120
568 2 3 3 69160
3748 2 3 3 69290
6121 2 3 3 69300
6596 2 3 3 69520
6900 2 3 3 69550
7559 2 3 3 69632
99 2 3 3 69660
3875 2 3 3 69731
3902 2 3 3 69791
243 2 3 3 69795
6223 2 3 3 69840
3650 2 3 3 69888
8320 2 3 3 69888
5427 2 3 3 69930
627 2 3 3 69936
775 2 3 3 69936
4352 2 3 3 69960
4658 2 3 3 69978
5070 2 3 3 69984
5278 2 3 3 69984
2137 2 3 3 70030
1068 2 3 3 70065
6090 2 3 3 70080
8168 2 3 3 70097
7206 2 3 3 70110
4091 2 3 3 70119
9247 2 3 3 70125
4116 2 3 3 70143
652 2 3 3 70152
859 2 3 3 70195
3385 2 3 3 70200
4121 2 3 3 70200
7917 2 3 3 70200
2819 2 3 3 70224
6740 2 3 3 70224
4252 2 3 3 70245
9635 2 3 3 70300
6722 2 3 3 70380
9159 2 3 3 70560
5872 2 3 3 70584
4749 2 3 3 70620
1569 2 3 3 70623
2874 2 3 3 70632
7412 2 3 3 70632
5432 2 3 3 70664
5425 2 3 3 70666
4311 2 3 3 70680
5699 2 3 3 70680
629 2 3 3 70680
3828 2 3 3 70716
182 2 3 3 70800
6059 2 3 3 70959
964 2 3 3 70970
7025 2 3 3 70975
6244 2 3 3 70992
6607 2 3 3 70992
3106 2 3 3 71154
6557 2 3 3 71214
441 2 3 3 71232
1839 2 3 3 71340
4297 2 3 3 71400
8447 2 3 3 71424
4465 2 3 3 71440
3686 2 3 3 71460
2206 2 3 3 71514
5903 2 3 3 71514
9357 2 3 3 71519
3042 2 3 3 71544
7144 2 3 3 71565
8378 2 3 3 71568
7006 2 3 3 71632
467 2 3 3 71656
3940 2 3 3 71676
8485 2 3 3 71808
7643 2 3 3 71820
2948 2 3 3 71829
59 2 3 3 71868
2382 2 3 3 71980
3242 2 3 3 72168
7978 2 3 3 72168
7999 2 3 3 72186
6766 2 3 3 72216
2726 2 3 3 72261
4504 2 3 3 72261
4055 2 3 3 72336
2773 2 3 3 72414
1344 2 3 3 72420
8033 2 3 3 72420
8824 2 3 3 72420
2172 2 3 3 72496
5130 2 3 3 72504
8011 2 3 3 72512
1305 2 3 3 72540
1528 2 3 3 72540
8566 2 3 3 72576
1713 2 3 3 72588
7512 2 3 3 72600
8648 2 3 3 72645
23 2 3 3 72657
8436 2 3 3 72660
8526 2 3 3 72760
1435 2 3 3 72765
2047 2 3 3 72771
5173 2 3 3 72800
8431 2 3 3 72802
5285 2 3 3 72864
8789 2 3 3 72864
3858 2 3 3 72912
5917 2 3 3 72912
8783 2 3 3 72930
4832 2 3 3 72954
4151 2 3 3 72980
6452 2 3 3 73006
8435 2 3 3 73032
4605 2 3 3 73038
700 2 3 3 73059
3083 2 3 3 73080
9320 2 3 3 73112
5793 2 3 3 73125
5081 2 3 3 73152
4088 2 3 3 73179
1087 2 3 3 73188
5908 2 3 3 73200
484 2 3 3 73206
8652 2 3 3 73278
5086 2 3 3 73279
1589 2 3 3 73280
9322 2 3 3 73290
1571 2 3 3 73305
8554 2 3 3 73305
755 2 3 3 73332
8275 2 3 3 73352
6547 2 3 3 73367
2768 2 3 3 73386
1099 2 3 3 73440
2520 2 3 3 73458
5442 2 3 3 73480
7313 2 3 3 73485
2367 2 3 3 73515
7758 2 3 3 73530
3896 2 3 3 73568
2131 2 3 3 73647
5291 2 3 3 73684
193 2 3 3 73698
3179 2 3 3 73749
5095 2 3 3 73755
5210 2 3 3 73830
3015 2 3 3 73845
6631 2 3 3 73872
9363 2 3 3 73882
9415 2 3 3 73902
138 2 3 3 73920
822 2 3 3 73950
5298 2 3 3 74052
6076 2 3 3 74052
513 2 3 3 74108
9364 2 3 3 74166
3318 2 3 3 74240
1912 2 3 3 74307
7781 2 3 3 74328
1198 2 3 3 74385
5912 2 3 3 74400
3480 2 3 3 74496
4114 2 3 3 74530
3845 2 3 3 74556
4115 2 3 3 74592
5826 2 3 3 74700
3915 2 3 3 74802
3555 2 3 3 74822
6619 2 3 3 74844
7107 2 3 3 74844
2141 2 3 3 74880
4153 2 3 3 74880
798 2 3 3 74925
8567 2 3 3 75012
7413 2 3 3 75030
5231 2 3 3 75040
4442 2 3 3 75048
6324 2 3 3 75072
703 2 3 3 75088
6195 2 3 3 75101
6861 2 3 3 75144
7376 2 3 3 75168
9601 2 3 3 75190
3399 2 3 3 75294
2650 2 3 3 75400
3854 2 3 3 75435
8742 2 3 3 75465
9545 2 3 3 75516
1243 2 3 3 75600
1685 2 3 3 75600
5602 2 3 3 75620
6474 2 3 3 75640
6765 2 3 3 75645
3038 2 3 3 75670
51 2 3 3 75744
9433 2 3 3 75763
6291 2 3 3 75768
4181 2 3 3 75810
2323 2 3 3 75816
9492 2 3 3 75855
1054 2 3 3 75862
4215 2 3 3 75888
4973 2 3 3 75900
4539 2 3 3 75924
7517 2 3 3 75936
9104 2 3 3 75950
7328 2 3 3 75952
7905 2 3 3 75958
8741 2 3 3 76042
8666 2 3 3 76096
9427 2 3 3 76104
7815 2 3 3 76128
8729 2 3 3 76140
7224 2 3 3 76200
5524 2 3 3 76272
384 2 3 3 76293
1755 2 3 3 76311
3131 2 3 3 76356
3933 2 3 3 76356
4024 2 3 3 76382
1295 2 3 3 76384
2185 2 3 3 76416
2488 2 3 3 76640
2312 2 3 3 76680
4971 2 3 3 76718
1242 2 3 3 76728
2029 2 3 3 76788
2296 2 3 3 76788
584 2 3 3 76812
1623 2 3 3 76820
3456 2 3 3 76860
1861 2 3 3 76896
2653 2 3 3 76950
6978 2 3 3 76956
3207 2 3 3 76992
7002 2 3 3 77000
2332 2 3 3 77040
7993 2 3 3 77088
7967 2 3 3 77104
2484 2 3 3 77178
816 2 3 3 77248
7922 2 3 3 77256
3484 2 3 3 77280
3655 2 3 3 77280
8183 2 3 3 77280
9174 2 3 3 77550
3344 2 3 3 77552
7566 2 3 3 77588
9003 2 3 3 77589
7502 2 3 3 77616
6359 2 3 3 77700
220 2 3 3 77748
6206 2 3 3 77760
6936 2 3 3 77760
819 2 3 3 77805
4139 2 3 3 77832
1563 2 3 3 77880
6332 2 3 3 77880
9665 2 3 3 77922
5940 2 3 3 77928
8058 2 3 3 77988
3530 2 3 3 78000
6203 2 3 3 78064
2150 2 3 3 78080
1173 2 3 3 78084
8895 2 3 3 78120
2975 2 3 3 78144
4201 2 3 3 78176
6319 2 3 3 78183
7330 2 3 3 78210
2034 2 3 3 78300
4994 2 3 3 78300
3442 2 3 3 78396
5891 2 3 3 78430
991 2 3 3 78520
2255 2 3 3 78540
5913 2 3 3 78540
103 2 3 3 78554
8206 2 3 3 78570
9494 2 3 3 78588
1834 2 3 3 78648
4033 2 3 3 78648
8957 2 3 3 78660
9381 2 3 3 78660
66 2 3 3 78720
4362 2 3 3 78744
7647 2 3 3 78792
4191 2 3 3 78795
9670 2 3 3 78800
1483 2 3 3 78810
273 2 3 3 78812
9377 2 3 3 78814
6233 2 3 3 78861
3611 2 3 3 78864
8811 2 3 3 78912
5295 2 3 3 78960
2774 2 3 3 79002
4635 2 3 3 79002
1730 2 3 3 79005
632 2 3 3 79025
9063 2 3 3 79094
6095 2 3 3 79116
9197 2 3 3 79152
254 2 3 3 79158
2977 2 3 3 79200
3522 2 3 3 79380
3824 2 3 3 79380
890 2 3 3 79464
1108 2 3 3 79488
7360 2 3 3 79488
9449 2 3 3 79502
8067 2 3 3 79520
2560 2 3 3 79570
4650 2 3 3 79605
451 2 3 3 79662
4961 2 3 3 79677
93 2 3 3 79704
5811 2 3 3 79728
6820 2 3 3 79920
8265 2 3 3 80002
5577 2 3 3 80029
7890 2 3 3 80070
8308 2 3 3 80154
1421 2 3 3 80160
1285 2 3 3 80178
9331 2 3 3 80227
5185 2 3 3 80250
1575 2 3 3 80290
3426 2 3 3 80364
9594 2 3 3 80456
401 2 3 3 80522
1905 2 3 3 80602
1605 2 3 3 80640
3646 2 3 3 80676
4769 2 3 3 80712
68 2 3 3 80730
3471 2 3 3 80736
2987 2 3 3 80740
9140 2 3 3 80808
3216 2 3 3 80812
1273 2 3 3 80910
562 2 3 3 80949
4100 2 3 3 81000
1508 2 3 3 81024
8488 2 3 3 81096
970 2 3 3 81120
9828 2 3 3 81120
1149 2 3 3 81180
7832 2 3 3 81196
8862 2 3 3 81220
10398 2 3 3 81270
8231 2 3 3 81280
10038 2 3 3 81328
241 2 3 3 81375
4104 2 3 3 81432
2697 2 3 3 81480
4097 2 3 3 81480
8680 2 3 3 81576
4259 2 3 3 81648
3794 2 3 3 81652
4008 2 3 3 81653
7793 2 3 3 81744
1914 2 3 3 81795
2054 2 3 3 81796
4053 2 3 3 81801
4021 2 3 3 81918
1823 2 3 3 81984
6375 2 3 3 81984
9388 2 3 3 82000
1488 2 3 3 82005
3566 2 3 3 82008
6311 2 3 3 82010
9823 2 3 3 82010
5716 2 3 3 82038
8276 2 3 3 82061
4111 2 3 3 82080
4450 2 3 3 82110
2899 2 3 3 82128
7919 2 3 3 82140
5108 2 3 3 82176
723 2 3 3 82176
9737 2 3 3 82200
5757 2 3 3 82215
3625 2 3 3 82248
3876 2 3 3 82290
9878 2 3 3 82348
4051 2 3 3 82365
1208 2 3 3 82368
9620 2 3 3 82425
3396 2 3 3 82432
10300 2 3 3 82460
9122 2 3 3 82500
6002 2 3 3 82516
9305 2 3 3 82530
1498 2 3 3 82550
5518 2 3 3 82600
1531 2 3 3 82650
9406 2 3 3 82665
7507 2 3 3 82717
10000 2 3 3 82720
263 2 3 3 82755
8660 2 3 3 82800
9996 2 3 3 82800
8525 2 3 3 82824
10490 2 3 3 82908
6369 2 3 3 82940
5510 2 3 3 82944
3889 2 3 3 82950
4622 2 3 3 83018
7400 2 3 3 83032
3745 2 3 3 83070
9668 2 3 3 83160
4722 2 3 3 83210
3954 2 3 3 83224
5017 2 3 3 83226
10362 2 3 3 83232
6124 2 3 3 83232
853 2 3 3 83235
1679 2 3 3 83356
2391 2 3 3 83376
6814 2 3 3 83400
1530 2 3 3 83430
7495 2 3 3 83440
7475 2 3 3 83504
908 2 3 3 83505
4772 2 3 3 83520
6559 2 3 3 83520
3104 2 3 3 83528
10375 2 3 3 83538
5498 2 3 3 83538
1027 2 3 3 83556
1656 2 3 3 83570
2548 2 3 3 83592
3853 2 3 3 83592
9940 2 3 3 83640
1337 2 3 3 83664
7715 2 3 3 83733
8896 2 3 3 83880
4428 2 3 3 83904
7467 2 3 3 83904
2171 2 3 3 83913
5098 2 3 3 83928
6151 2 3 3 83952
6213 2 3 3 83956
731 2 3 3 83956
10195 2 3 3 84000
7106 2 3 3 84000
4257 2 3 3 84042
7996 2 3 3 84060
1013 2 3 3 84065
7925 2 3 3 84096
1330 2 3 3 84119
1084 2 3 3 84123
9861 2 3 3 84140
3678 2 3 3 84180
7655 2 3 3 84194
4673 2 3 3 84203
1640 2 3 3 84252
9169 2 3 3 84288
5257 2 3 3 84360
1055 2 3 3 84372
4536 2 3 3 84384
3699 2 3 3 84420
115 2 3 3 84480
7720 2 3 3 84600
9624 2 3 3 84626
4337 2 3 3 84640
2045 2 3 3 84875
9127 2 3 3 84942
5634 2 3 3 84960
8229 2 3 3 84960
8810 2 3 3 84960
6561 2 3 3 85008
1037 2 3 3 85020
191 2 3 3 85068
8578 2 3 3 85164
7365 2 3 3 85166
10132 2 3 3 85248
571 2 3 3 85248
1600 2 3 3 85264
4196 2 3 3 85278
6645 2 3 3 85500
954 2 3 3 85500
2868 2 3 3 85536
967 2 3 3 85608
882 2 3 3 85666
6758 2 3 3 85680
3879 2 3 3 85800
1390 2 3 3 85824
5657 2 3 3 85877
483 2 3 3 85880
10060 2 3 3 86016
6845 2 3 3 86052
5911 2 3 3 86100
10448 2 3 3 86156
3351 2 3 3 86180
7249 2 3 3 86184
1566 2 3 3 86292
657 2 3 3 86320
7954 2 3 3 86328
4326 2 3 3 86400
708 2 3 3 86412
10091 2 3 3 86430
4906 2 3 3 86436
8028 2 3 3 86436
6891 2 3 3 86450
6540 2 3 3 86478
8825 2 3 3 86480
463 2 3 3 86496
4937 2 3 3 86520
6465 2 3 3 86548
7194 2 3 3 86612
8650 2 3 3 86625
9959 2 3 3 86676
169 2 3 3 86688
2079 2 3 3 86688
9336 2 3 3 86718
5868 2 3 3 86721
5943 2 3 3 86721
9639 2 3 3 86724
1416 2 3 3 86760
9437 2 3 3 86764
7826 2 3 3 86800
2058 2 3 3 86814
4547 2 3 3 86830
7127 2 3 3 86840
6036 2 3 3 86856
1188 2 3 3 86870
9966 2 3 3 86904
213 2 3 3 86940
6265 2 3 3 87024
118 2 3 3 87042
5688 2 3 3 87042
2364 2 3 3 87048
6205 2 3 3 87048
3177 2 3 3 87120
7410 2 3 3 87120
231 2 3 3 87168
5212 2 3 3 87174
10070 2 3 3 87210
9999 2 3 3 87264
5673 2 3 3 87344
4569 2 3 3 87348
10225 2 3 3 87360
4277 2 3 3 87360
2138 2 3 3 87376
5930 2 3 3 87398
9758 2 3 3 87406
6915 2 3 3 87420
9917 2 3 3 87492
10497 2 3 3 87500
4286 2 3 3 87533
8873 2 3 3 87648
10414 2 3 3 87680
2691 2 3 3 87688
5323 2 3 3 87696
4786 2 3 3 87724
4080 2 3 3 87750
8396 2 3 3 87759
9185 2 3 3 87792
8930 2 3 3 87822
5006 2 3 3 87912
9885 2 3 3 87934
8338 2 3 3 87936
2265 2 3 3 87984
8706 2 3 3 88040
2155 2 3 3 88110
4862 2 3 3 88150
1522 2 3 3 88200
1677 2 3 3 88200
2082 2 3 3 88200
3805 2 3 3 88232
10281 2 3 3 88256
10076 2 3 3 88308
5490 2 3 3 88308
2707 2 3 3 88400
5306 2 3 3 88404
8900 2 3 3 88644
2593 2 3 3 88704
7264 2 3 3 88724
2652 2 3 3 88725
2840 2 3 3 88740
341 2 3 3 88740
6896 2 3 3 88740
293 2 3 3 88752
6180 2 3 3 88770
47 2 3 3 88815
127 2 3 3 88830
9742 2 3 3 88892
266 2 3 3 88938
2055 2 3 3 89040
5458 2 3 3 89040
519 2 3 3 89090
22 2 3 3 89100
7761 2 3 3 89100
7257 2 3 3 89102
7293 2 3 3 89142
5900 2 3 3 89298
8477 2 3 3 89400
7885 2 3 3 89460
6483 2 3 3 89470
4965 2 3 3 89550
6999 2 3 3 89559
8907 2 3 3 89572
1590 2 3 3 89604
7069 2 3 3 89607
3474 2 3 3 89622
7499 2 3 3 89625
8746 2 3 3 89640
9851 2 3 3 89640
1367 2 3 3 89650
4304 2 3 3 89655
2114 2 3 3 89680
7953 2 3 3 89700
2318 2 3 3 89726
3287 2 3 3 89760
8326 2 3 3 89760
7690 2 3 3 89846
5051 2 3 3 89908
3987 2 3 3 90000
7291 2 3 3 90024
6198 2 3 3 90048
8347 2 3 3 90090
3903 2 3 3 90118
2466 2 3 3 90138
8406 2 3 3 90138
9873 2 3 3 90174
7947 2 3 3 90312
29 2 3 3 90350
9445 2 3 3 90440
10066 2 3 3 90450
8239 2 3 3 90472
602 2 3 3 90516
3729 2 3 3 90552
8923 2 3 3 90576
5521 2 3 3 90592
4703 2 3 3 90628
1602 2 3 3 90771
7099 2 3 3 90816
6522 2 3 3 90852
9126 2 3 3 90895
1961 2 3 3 90906
6358 2 3 3 90932
8774 2 3 3 90951
8230 2 3 3 90972
10054 2 3 3 90990
2411 2 3 3 91008
2762 2 3 3 91044
8221 2 3 3 91050
9262 2 3 3 91060
527 2 3 3 91104
6016 2 3 3 91104
6982 2 3 3 91104
10548 2 3 3 91120
5346 2 3 3 91200
5646 2 3 3 91200
6937 2 3 3 91264
19 2 3 3 91290
7419 2 3 3 91290
5549 2 3 3 91324
10517 2 3 3 91410
6617 2 3 3 91428
5030 2 3 3 91520
6271 2 3 3 91520
1879 2 3 3 91560
10385 2 3 3 91584
5777 2 3 3 91608
2964 2 3 3 91609
3749 2 3 3 91656
6673 2 3 3 91665
540 2 3 3 91680
7934 2 3 3 91728
4668 2 3 3 91793
4329 2 3 3 91800
2904 2 3 3 91821
1430 2 3 3 91854
7247 2 3 3 91872
9131 2 3 3 91872
875 2 3 3 91884
6925 2 3 3 91908
9116 2 3 3 91945
7797 2 3 3 92064
8654 2 3 3 92073
4339 2 3 3 92097
1779 2 3 3 92160
7456 2 3 3 92224
2301 2 3 3 92250
8098 2 3 3 92382
9466 2 3 3 92400
1351 2 3 3 92415
6026 2 3 3 92455
3531 2 3 3 92496
4549 2 3 3 92496
6031 2 3 3 92576
10277 2 3 3 92648
7567 2 3 3 92718
5434 2 3 3 92728
5433 2 3 3 92736
9148 2 3 3 92748
4998 2 3 3 92778
3624 2 3 3 92872
5213 2 3 3 92916
1341 2 3 3 93000
8638 2 3 3 93024
1561 2 3 3 93102
5266 2 3 3 93119
943 2 3 3 93132
1595 2 3 3 93152
3209 2 3 3 93200
6141 2 3 3 93258
1718 2 3 3 93292
5375 2 3 3 93310
5948 2 3 3 93312
10276 2 3 3 93331
3245 2 3 3 93343
9178 2 3 3 93375
5691 2 3 3 93436
2649 2 3 3 93450
7640 2 3 3 93465
2549 2 3 3 93548
2676 2 3 3 93575
5188 2 3 3 93588
701 2 3 3 93600
7357 2 3 3 93600
1841 2 3 3 93666
4346 2 3 3 93673
1085 2 3 3 93688
6542 2 3 3 93720
6247 2 3 3 93728
8105 2 3 3 93744
4078 2 3 3 93800
2854 2 3 3 93840
5487 2 3 3 93840
5003 2 3 3 93886
7531 2 3 3 93912
7622 2 3 3 93930
2232 2 3 3 93936
455 2 3 3 93960
8718 2 3 3 93960
9695 2 3 3 93960
3884 2 3 3 93975
7606 2 3 3 94023
1496 2 3 3 94050
10130 2 3 3 94068
6400 2 3 3 94068
7753 2 3 3 94094
2115 2 3 3 94106
6642 2 3 3 94112
5040 2 3 3 94116
8536 2 3 3 94116
6167 2 3 3 94132
9558 2 3 3 94138
9318 2 3 3 94166
439 2 3 3 94192
10484 2 3 3 94230
3383 2 3 3 94240
5591 2 3 3 94248
10619 2 3 3 94284
7581 2 3 3 94284
947 2 3 3 94284
234 2 3 3 94350
6297 2 3 3 94355
3230 2 3 3 94369
121 2 3 3 94464
1406 2 3 3 94500
1695 2 3 3 94500
5710 2 3 3 94528
6081 2 3 3 94554
1726 2 3 3 94579
6371 2 3 3 94579
7136 2 3 3 94672
10245 2 3 3 94680
10117 2 3 3 94794
3953 2 3 3 94800
2675 2 3 3 94856
4016 2 3 3 94860
2741 2 3 3 94950
1981 2 3 3 95004
3063 2 3 3 95004
2472 2 3 3 95013
9086 2 3 3 95100
9028 2 3 3 95220
10143 2 3 3 95256
1415 2 3 3 95256
761 2 3 3 95280
7482 2 3 3 95282
2399 2 3 3 95316
7474 2 3 3 95325
2044 2 3 3 95360
7558 2 3 3 95400
8715 2 3 3 95400
5189 2 3 3 95404
10073 2 3 3 95444
122 2 3 3 95496
2631 2 3 3 95557
4334 2 3 3 95584
8847 2 3 3 95586
7858 2 3 3 95719
8025 2 3 3 95742
9411 2 3 3 95742
1915 2 3 3 95744
1065 2 3 3 95760
3202 2 3 3 95764
5479 2 3 3 95764
7428 2 3 3 95795
9053 2 3 3 95832
6305 2 3 3 95872
6842 2 3 3 95944
5138 2 3 3 96048
7024 2 3 3 96086
8389 2 3 3 96096
1866 2 3 3 96100
5707 2 3 3 96119
1018 2 3 3 96136
6702 2 3 3 96174
128 2 3 3 96180
5489 2 3 3 96192
8402 2 3 3 96200
5001 2 3 3 96228
2385 2 3 3 96255
1270 2 3 3 96256
8504 2 3 3 96288
6443 2 3 3 96304
1248 2 3 3 96330
3732 2 3 3 96360
8563 2 3 3 96384
7654 2 3 3 96480
5545 2 3 3 96512
10388 2 3 3 96534
10227 2 3 3 96615
3101 2 3 3 96693
7860 2 3 3 96693
56 2 3 3 96696
2324 2 3 3 96810
2386 2 3 3 96860
6246 2 3 3 96928
6117 2 3 3 96930
7310 2 3 3 97005
1477 2 3 3 97092
3640 2 3 3 97128
6214 2 3 3 97200
3453 2 3 3 97250
8773 2 3 3 97290
3180 2 3 3 97308
3615 2 3 3 97328
8541 2 3 3 97370
9503 2 3 3 97440
2250 2 3 3 97446
8285 2 3 3 97455
10278 2 3 3 97500
9872 2 3 3 97566
6341 2 3 3 97572
8365 2 3 3 97600
3160 2 3 3 97650
5703 2 3 3 97650
9340 2 3 3 97695
85 2 3 3 97825
4746 2 3 3 97836
9068 2 3 3 97857
9932 2 3 3 97916
7270 2 3 3 97944
10267 2 3 3 97960
6348 2 3 3 98040
7035 2 3 3 98100
7546 2 3 3 98100
5809 2 3 3 98172
6989 2 3 3 98192
6024 2 3 3 98208
894 2 3 3 98208
4350 2 3 3 98226
5499 2 3 3 98280
7538 2 3 3 98294
7007 2 3 3 98340
5035 2 3 3 98406
663 2 3 3 98406
8761 2 3 3 98448
5935 2 3 3 98464
6857 2 3 3 98512
709 2 3 3 98536
4190 2 3 3 98596
6065 2 3 3 98808
4761 2 3 3 98820
538 2 3 3 98820
8713 2 3 3 98880
10541 2 3 3 98892
5695 2 3 3 99000
1231 2 3 3 99012
3046 2 3 3 99120
4144 2 3 3 99120
9266 2 3 3 99120
4273 2 3 3 99180
8893 2 3 3 99198
10416 2 3 3 99225
2557 2 3 3 99225
1906 2 3 3 99264
2600 2 3 3 99372
452 2 3 3 99498
2216 2 3 3 99528
4595 2 3 3 99540
8677 2 3 3 99588
329 2 3 3 99620
3994 2 3 3 99630
9056 2 3 3 99648
2558 2 3 3 99663
7138 2 3 3 99666
8954 2 3 3 99702
6903 2 3 3 99736
10436 2 3 3 99750
10573 2 3 3 99792
4825 2 3 3 99792
2247 2 3 3 99840
1470 2 3 3 99875
8963 2 3 3 99880
3508 2 3 3 99899
3233 2 3 3 99912
6876 2 3 3 99912
10583 2 3 3 99975
123 2 3 3 99990
5482 2 3 3 99990
