0 2 3 3 280608
4 2 3 3 164736
8 2 3 3 100116
10 2 3 3 105569
11 2 3 3 232404
16 2 3 3 205542
17 2 3 3 227088
18 2 3 3 110693
20 2 3 3 213696
26 2 3 3 212502
36 2 3 3 131670
37 2 3 3 143060
44 2 3 3 113582
45 2 3 3 110160
49 2 3 3 280140
63 2 3 3 301924
65 2 3 3 283845
67 2 3 3 133860
71 2 3 3 168204
75 2 3 3 102816
78 2 3 3 140940
79 2 3 3 213136
80 2 3 3 269990
82 2 3 3 123432
90 2 3 3 167238
94 2 3 3 336117
100 2 3 3 119529
105 2 3 3 126162
106 2 3 3 171255
113 2 3 3 214438
117 2 3 3 303728
126 2 3 3 114905
133 2 3 3 163296
134 2 3 3 254790
136 2 3 3 271800
143 2 3 3 357930
144 2 3 3 118800
149 2 3 3 126360
152 2 3 3 131922
153 2 3 3 117072
155 2 3 3 341532
160 2 3 3 208656
163 2 3 3 116850
164 2 3 3 184275
165 2 3 3 165668
170 2 3 3 274818
176 2 3 3 427652
177 2 3 3 123300
183 2 3 3 170800
185 2 3 3 230208
187 2 3 3 123508
190 2 3 3 408000
197 2 3 3 250992
199 2 3 3 183570
204 2 3 3 140716
207 2 3 3 143250
208 2 3 3 201474
212 2 3 3 375732
223 2 3 3 398658
224 2 3 3 106434
238 2 3 3 240948
240 2 3 3 148176
244 2 3 3 102060
245 2 3 3 256794
246 2 3 3 140896
256 2 3 3 135468
259 2 3 3 111936
272 2 3 3 163152
274 2 3 3 112288
281 2 3 3 206319
284 2 3 3 322320
297 2 3 3 211068
305 2 3 3 250323
320 2 3 3 330240
324 2 3 3 248297
340 2 3 3 308493
351 2 3 3 262650
352 2 3 3 355191
372 2 3 3 240516
377 2 3 3 397386
392 2 3 3 215712
394 2 3 3 363660
402 2 3 3 246202
417 2 3 3 231903
418 2 3 3 264741
425 2 3 3 412830
464 2 3 3 234038
466 2 3 3 494500
480 2 3 3 226476
496 2 3 3 221728
497 2 3 3 258000
498 2 3 3 288948
499 2 3 3 228916
537 2 3 3 376002
541 2 3 3 250272
543 2 3 3 348984
554 2 3 3 244192
555 2 3 3 252492
557 2 3 3 279594
565 2 3 3 369600
588 2 3 3 316744
592 2 3 3 374496
645 2 3 3 379392
654 2 3 3 317952
687 2 3 3 410816
707 2 3 3 461475
747 2 3 3 311577
760 2 3 3 306830
857 2 3 3 392288
916 2 3 3 312732
921 2 3 3 339264
927 2 3 3 420640
942 2 3 3 371631
992 2 3 3 581100
1125 2 3 3 355500
1146 2 3 3 399438
1162 2 3 3 394485
1176 2 3 3 376362
1191 2 3 3 474944
1193 2 3 3 400610
1199 2 3 3 369600
1268 2 3 3 506010
1277 2 3 3 304668
1279 2 3 3 418959
1280 2 3 3 353430
1294 2 3 3 393600
1307 2 3 3 301074
1323 2 3 3 347270
1332 2 3 3 422208
1397 2 3 3 326325
1399 2 3 3 382878
1408 2 3 3 314706
1455 2 3 3 390222
1538 2 3 3 421504
1833 2 3 3 409860
1840 2 3 3 460404
1883 2 3 3 654804
1945 2 3 3 403656
1970 2 3 3 580560
2049 2 3 3 401436
2093 2 3 3 536190
2124 2 3 3 656970
2179 2 3 3 738720
2310 2 3 3 417410
2351 2 3 3 561744
2408 2 3 3 484704
2426 2 3 3 431040
2467 2 3 3 436590
2552 2 3 3 492420
2624 2 3 3 499950
2763 2 3 3 447272
3082 2 3 3 416232
3125 2 3 3 454860
3218 2 3 3 449568
3261 2 3 3 427648
3278 2 3 3 424116
3310 2 3 3 440202
3364 2 3 3 401760
3428 2 3 3 434826
3444 2 3 3 592224
3451 2 3 3 461565
3468 2 3 3 426720
3667 2 3 3 511784
3669 2 3 3 708624
3741 2 3 3 457071
3751 2 3 3 564534
3760 2 3 3 481185
3795 2 3 3 440455
3888 2 3 3 413067
3981 2 3 3 401980
4065 2 3 3 480392
4096 2 3 3 581994
4281 2 3 3 486720
4628 2 3 3 597003
4946 2 3 3 507548
4947 2 3 3 523017
5092 2 3 3 530145
5501 2 3 3 572416
5651 2 3 3 558558
6193 2 3 3 541539
6847 2 3 3 508500
6955 2 3 3 534954
7351 2 3 3 520146
7522 2 3 3 526308
7807 2 3 3 612405
7984 2 3 3 599144
8295 2 3 3 716598
8411 2 3 3 543120
8532 2 3 3 536410
8948 2 3 3 534060
8976 2 3 3 689752
9047 2 3 3 512256
9454 2 3 3 535506
9513 2 3 3 562998
9713 2 3 3 521220
10380 2 3 3 518022
10792 2 3 3 559188
10938 2 3 3 535482
11414 2 3 3 506766
11633 2 3 3 558292
11981 2 3 3 567108
12164 2 3 3 601668
12180 2 3 3 500899
12383 2 3 3 639324
12450 2 3 3 550656
12937 2 3 3 501124
12980 2 3 3 503649
13109 2 3 3 701220
13218 2 3 3 583856
13371 2 3 3 518805
13653 2 3 3 617544
14190 2 3 3 631548
14633 2 3 3 717438
17018 2 3 3 627300
17208 2 3 3 876204
17496 2 3 3 746352
17893 2 3 3 796518
19724 2 3 3 605283
20444 2 3 3 632400
21792 2 3 3 635346
23073 2 3 3 842064
23840 2 3 3 738072
25344 2 3 3 655632
25848 2 3 3 721415
25866 2 3 3 730590
26773 2 3 3 644464
27412 2 3 3 612833
28454 2 3 3 787968
29576 2 3 3 692953
29675 2 3 3 626976
30641 2 3 3 664092
33888 2 3 3 680817
35814 2 3 3 668286
36029 2 3 3 634608
37035 2 3 3 736044
37110 2 3 3 603612
37419 2 3 3 616104
38115 2 3 3 787845
38507 2 3 3 730989
38679 2 3 3 616824
39087 2 3 3 698004
39300 2 3 3 771200
39482 2 3 3 629370
41646 2 3 3 753750
42693 2 3 3 614106
45411 2 3 3 629472
47498 2 3 3 609870
47629 2 3 3 608517
47752 2 3 3 601128
47855 2 3 3 611328
48651 2 3 3 605484
49215 2 3 3 608175
49494 2 3 3 712962
50070 2 3 3 757680
51949 2 3 3 725424
52818 2 3 3 651240
53849 2 3 3 602640
55545 2 3 3 685335
55869 2 3 3 636223
56604 2 3 3 802125
57968 2 3 3 686925
58101 2 3 3 661902
61354 2 3 3 832464
68537 2 3 3 713070
75455 2 3 3 784080
77198 2 3 3 747024
78079 2 3 3 863370
79008 2 3 3 844128
79681 2 3 3 778932
81524 2 3 3 721764
91868 2 3 3 996744
94076 2 3 3 709734
94836 2 3 3 842754
2 3 3 3 1152480
7 3 3 3 1380264
14 3 3 3 1145376
22 3 3 3 827730
35 3 3 3 732294
41 3 3 3 1069408
61 3 3 3 938400
105 3 3 3 1392840
111 3 3 3 727272
114 3 3 3 824400
118 3 3 3 1300624
122 3 3 3 728640
130 3 3 3 1499850
153 3 3 3 744930
156 3 3 3 715122
157 3 3 3 1305360
194 3 3 3 1317600
211 3 3 3 1312604
218 3 3 3 1263792
224 3 3 3 1068600
226 3 3 3 1121796
239 3 3 3 810700
245 3 3 3 1453842
263 3 3 3 1020730
264 3 3 3 1404000
268 3 3 3 1135270
271 3 3 3 790848
275 3 3 3 1131914
284 3 3 3 711744
312 3 3 3 907530
329 3 3 3 754176
334 3 3 3 1124352
349 3 3 3 998088
351 3 3 3 1206498
361 3 3 3 1121238
405 3 3 3 997920
408 3 3 3 1047180
423 3 3 3 810084
429 3 3 3 1116660
431 3 3 3 1310244
484 3 3 3 943290
487 3 3 3 1418256
522 3 3 3 1004400
534 3 3 3 1057059
572 3 3 3 1475370
578 3 3 3 1040400
584 3 3 3 709254
590 3 3 3 710700
591 3 3 3 955188
592 3 3 3 894816
595 3 3 3 1254600
599 3 3 3 1434400
611 3 3 3 849384
634 3 3 3 1468872
676 3 3 3 1114560
685 3 3 3 1124736
698 3 3 3 1431000
703 3 3 3 767280
724 3 3 3 1453248
733 3 3 3 1076148
747 3 3 3 1230026
764 3 3 3 961150
772 3 3 3 756702
805 3 3 3 933816
807 3 3 3 785304
829 3 3 3 933255
839 3 3 3 1306836
886 3 3 3 997920
893 3 3 3 1435356
911 3 3 3 1212224
913 3 3 3 1110144
929 3 3 3 939504
960 3 3 3 1134840
965 3 3 3 1257360
974 3 3 3 1481850
982 3 3 3 1261780
983 3 3 3 1394442
994 3 3 3 1232343
1000 3 3 3 786780
1040 3 3 3 776944
1044 3 3 3 1367280
1061 3 3 3 1397088
1065 3 3 3 962280
1073 3 3 3 883532
1087 3 3 3 990517
1094 3 3 3 1352736
1097 3 3 3 1115608
1099 3 3 3 1440108
1111 3 3 3 1195026
1118 3 3 3 1034494
1121 3 3 3 1234233
1148 3 3 3 1451124
1170 3 3 3 1051050
1171 3 3 3 1367100
1190 3 3 3 1088706
1257 3 3 3 1145760
1300 3 3 3 976276
1325 3 3 3 946312
1340 3 3 3 985068
1343 3 3 3 1043725
1347 3 3 3 1074282
1390 3 3 3 1165320
1416 3 3 3 1335600
1431 3 3 3 1406646
1438 3 3 3 968712
1445 3 3 3 875900
1485 3 3 3 1430520
1508 3 3 3 836325
1529 3 3 3 1210800
1545 3 3 3 1453454
1556 3 3 3 1077138
1562 3 3 3 1459248
1611 3 3 3 1326456
1621 3 3 3 1161063
1630 3 3 3 1117800
1646 3 3 3 1377395
1650 3 3 3 851136
1653 3 3 3 1111536
1659 3 3 3 1237680
1660 3 3 3 1324568
1706 3 3 3 1483020
1758 3 3 3 1444800
1766 3 3 3 1044300
1777 3 3 3 978690
1784 3 3 3 1277190
1788 3 3 3 1319872
1792 3 3 3 1077300
1806 3 3 3 814905
1822 3 3 3 1396656
1827 3 3 3 1147752
1832 3 3 3 1066344
1901 3 3 3 927690
1905 3 3 3 1427904
1913 3 3 3 1420416
1924 3 3 3 844564
1937 3 3 3 1206348
1946 3 3 3 1173288
1960 3 3 3 1018982
1982 3 3 3 1408104
1999 3 3 3 1473792
2006 3 3 3 1106224
2015 3 3 3 973350
2020 3 3 3 1003124
2072 3 3 3 826176
2095 3 3 3 1049026
2119 3 3 3 934308
2131 3 3 3 819936
2143 3 3 3 1267752
2188 3 3 3 1049760
2190 3 3 3 1336608
2217 3 3 3 1396716
2233 3 3 3 918162
2234 3 3 3 1164870
2241 3 3 3 881685
2249 3 3 3 986508
2257 3 3 3 1086687
2266 3 3 3 1238400
2273 3 3 3 1115136
2277 3 3 3 1492755
2299 3 3 3 1360320
2303 3 3 3 1106300
2361 3 3 3 1281852
2367 3 3 3 1085184
2377 3 3 3 1117284
2385 3 3 3 1062720
2397 3 3 3 1238435
2408 3 3 3 831000
2425 3 3 3 801738
2450 3 3 3 1019396
2452 3 3 3 1403136
2459 3 3 3 1223216
2479 3 3 3 870740
2516 3 3 3 1103460
2526 3 3 3 803268
2544 3 3 3 1135896
2589 3 3 3 1453500
2604 3 3 3 1161632
2610 3 3 3 1204976
2617 3 3 3 1129602
2620 3 3 3 1211568
2661 3 3 3 1013796
2664 3 3 3 1339992
2665 3 3 3 1373760
2680 3 3 3 1006317
2714 3 3 3 1308468
2734 3 3 3 1263348
2744 3 3 3 812328
2786 3 3 3 986700
2791 3 3 3 1125180
2802 3 3 3 907439
2827 3 3 3 814320
2837 3 3 3 1095444
2860 3 3 3 816900
2871 3 3 3 1415824
2879 3 3 3 977474
2883 3 3 3 1209600
2894 3 3 3 1159494
2905 3 3 3 1465344
2908 3 3 3 912055
2917 3 3 3 1395342
2923 3 3 3 1100800
2927 3 3 3 1412532
2955 3 3 3 1000224
2959 3 3 3 1077120
2961 3 3 3 1265115
2963 3 3 3 1144704
2974 3 3 3 1048275
2997 3 3 3 1136789
3012 3 3 3 1216242
3014 3 3 3 803859
3017 3 3 3 1481760
3031 3 3 3 1252524
3061 3 3 3 841092
3064 3 3 3 821367
3079 3 3 3 1494450
3081 3 3 3 888124
3089 3 3 3 977114
3097 3 3 3 1234944
3100 3 3 3 1027754
3103 3 3 3 1086228
3106 3 3 3 1320000
3117 3 3 3 814473
3129 3 3 3 802560
3135 3 3 3 1220472
3149 3 3 3 1322640
3173 3 3 3 920322
3186 3 3 3 1060812
3241 3 3 3 1020210
3269 3 3 3 948051
3273 3 3 3 937836
3275 3 3 3 978993
3297 3 3 3 1190640
3301 3 3 3 1144185
3308 3 3 3 1474856
3316 3 3 3 1194298
3332 3 3 3 1378224
3340 3 3 3 1490082
3343 3 3 3 1020080
3346 3 3 3 1130220
3361 3 3 3 1055040
3381 3 3 3 1469664
3393 3 3 3 1025550
3422 3 3 3 869352
3445 3 3 3 988281
3450 3 3 3 1059225
3452 3 3 3 960144
3455 3 3 3 912792
3457 3 3 3 811580
3462 3 3 3 1438452
3475 3 3 3 1202796
3488 3 3 3 1242568
3493 3 3 3 1114632
3515 3 3 3 1475232
3519 3 3 3 819588
3536 3 3 3 810738
3539 3 3 3 1367138
3594 3 3 3 853776
3609 3 3 3 1326780
3663 3 3 3 1490940
3683 3 3 3 1414512
3709 3 3 3 941868
3730 3 3 3 1073992
3744 3 3 3 1296792
3769 3 3 3 978021
3822 3 3 3 1224960
3827 3 3 3 1215585
3854 3 3 3 1307124
4018 3 3 3 1209600
4027 3 3 3 954207
4099 3 3 3 1302466
4117 3 3 3 1497628
4122 3 3 3 951336
4161 3 3 3 1229643
4192 3 3 3 1480518
4271 3 3 3 1221570
4284 3 3 3 1320458
4362 3 3 3 1378548
4442 3 3 3 1364160
4490 3 3 3 1212720
4648 3 3 3 1330540
4651 3 3 3 1214274
4665 3 3 3 1230570
4784 3 3 3 1334670
4791 3 3 3 1327131
4796 3 3 3 1397115
4933 3 3 3 1252920
4965 3 3 3 1227648
