10652 2 4 4 1500792
6558 2 4 4 1543137
148 2 4 4 1600992
2214 2 4 4 1692555
4785 2 4 4 1784472
4661 2 4 4 1802446
8915 2 4 4 1893352
9561 2 4 4 1923996
7168 2 4 4 1975696
4166 2 4 4 1976934
11607 2 4 4 2016183
3873 2 4 4 2128303
7838 2 4 4 2151120
1255 2 4 4 2189028
9065 2 4 4 2193966
911 2 4 4 2246694
282 2 4 4 2257176
6326 2 4 4 2311619
7317 2 4 4 2313510
3506 2 4 4 2368110
6412 2 4 4 2372328
1812 2 4 4 2375085
7582 2 4 4 2380704
9910 2 4 4 2409480
8158 2 4 4 2428544
7096 2 4 4 2441922
6322 2 4 4 2449122
4026 2 4 4 2509683
10982 2 4 4 2510440
966 2 4 4 2522088
1870 2 4 4 2554974
2903 2 4 4 2563982
2146 2 4 4 2608708
3229 2 4 4 2611676
10788 2 4 4 2655600
7866 2 4 4 2667328
867 2 4 4 2728788
3434 2 4 4 2729552
11289 2 4 4 2750728
9245 2 4 4 2777600
6347 2 4 4 2823732
7429 2 4 4 2826602
141 2 4 4 2845520
9260 2 4 4 2865912
3975 2 4 4 2869508
8571 2 4 4 2880976
11209 2 4 4 2883576
3949 2 4 4 2885099
4715 2 4 4 2889840
4920 2 4 4 2895360
2711 2 4 4 2899944
9387 2 4 4 2920314
9102 2 4 4 2931050
6250 2 4 4 2937068
10675 2 4 4 2947065
1138 2 4 4 2951134
5738 2 4 4 2952724
3971 2 4 4 2956866
10620 2 4 4 2972520
8789 2 4 4 3040008
3788 2 4 4 3051750
10137 2 4 4 3051936
6501 2 4 4 3057422
4540 2 4 4 3058350
3458 2 4 4 3098970
3265 2 4 4 3102024
8124 2 4 4 3103952
10783 2 4 4 3133272
2334 2 4 4 3135508
9571 2 4 4 3148530
9911 2 4 4 3184987
6750 2 4 4 3198488
9546 2 4 4 3200786
3537 2 4 4 3212500
1634 2 4 4 3248340
3132 2 4 4 3252890
7256 2 4 4 3260976
9190 2 4 4 3269880
3483 2 4 4 3275034
8539 2 4 4 3297506
5769 2 4 4 3309156
3946 2 4 4 3315173
9633 2 4 4 3330072
7896 2 4 4 3342174
4921 2 4 4 3351582
7139 2 4 4 3355968
8694 2 4 4 3372568
9569 2 4 4 3396672
9814 2 4 4 3397878
9981 2 4 4 3407152
6131 2 4 4 3411216
822 2 4 4 3422678
1949 2 4 4 3424056
1135 2 4 4 3431790
10627 2 4 4 3454464
1081 2 4 4 3461088
5624 2 4 4 3461374
12044 2 4 4 3475782
1717 2 4 4 3481100
4300 2 4 4 3488704
2896 2 4 4 3511153
1709 2 4 4 3561264
3331 2 4 4 3668642
3189 2 4 4 3669852
3274 2 4 4 3705251
2632 2 4 4 3711248
108 2 4 4 3712248
3187 2 4 4 3720152
2150 2 4 4 3720510
1351 2 4 4 3783093
2783 2 4 4 3828900
1261 2 4 4 3830996
2587 2 4 4 3846579
2378 2 4 4 3861248
3669 2 4 4 3861768
3543 2 4 4 3868752
3950 2 4 4 3870366
3643 2 4 4 3909372
3437 2 4 4 3975543
3902 2 4 4 3978284
1403 2 4 4 4017012
3694 2 4 4 4062606
2992 2 4 4 4067400
2118 2 4 4 4081032
3860 2 4 4 4081680
551 2 4 4 4094776
4255 2 4 4 4117464
1734 2 4 4 4118374
436 2 4 4 4147824
1413 2 4 4 4156992
1612 2 4 4 4166533
2715 2 4 4 4174584
2978 2 4 4 4174906
2637 2 4 4 4197114
726 2 4 4 4231298
1519 2 4 4 4239808
552 2 4 4 4243016
2461 2 4 4 4253968
806 2 4 4 4313105
3900 2 4 4 4406384
3181 2 4 4 4481001
4109 2 4 4 4483837
4102 2 4 4 4485656
3898 2 4 4 4486860
1388 2 4 4 4573074
4031 2 4 4 4626528
2132 2 4 4 4646160
3682 2 4 4 4655218
150 2 4 4 4666702
3044 2 4 4 4693508
2097 2 4 4 4701964
34 2 4 4 4702026
24 2 4 4 4703172
1971 2 4 4 4714619
2832 2 4 4 4717408
3363 2 4 4 4794069
2757 2 4 4 4798312
1257 2 4 4 4802887
861 2 4 4 4827152
3918 2 4 4 4850844
633 2 4 4 4851448
1315 2 4 4 4869736
3977 2 4 4 4891032
2158 2 4 4 4909272
898 2 4 4 4944270
2338 2 4 4 4953424
3770 2 4 4 4959780
3735 2 4 4 5020212
3482 2 4 4 5026608
1694 2 4 4 5048920
1856 2 4 4 5053816
2331 2 4 4 5082876
507 2 4 4 5102652
4049 2 4 4 5137060
2585 2 4 4 5149183
581 2 4 4 5165772
925 2 4 4 5184908
222 2 4 4 5247024
2282 2 4 4 5254418
2639 2 4 4 5268832
2889 2 4 4 5280462
937 2 4 4 5286537
279 2 4 4 5287188
631 2 4 4 5290432
3877 2 4 4 5301344
2444 2 4 4 5345112
454 2 4 4 5347696
14 2 4 4 5359040
2661 2 4 4 5365650
1843 2 4 4 5367784
2497 2 4 4 5373956
3539 2 4 4 5403612
3282 2 4 4 5440284
931 2 4 4 5445054
938 2 4 4 5463368
1702 2 4 4 5464832
2042 2 4 4 5467560
1724 2 4 4 5469882
3622 2 4 4 5481520
4159 2 4 4 5481792
2891 2 4 4 5564888
1080 2 4 4 5569400
639 2 4 4 5577684
1350 2 4 4 5594000
410 2 4 4 5633324
814 2 4 4 5657019
2098 2 4 4 5659544
478 2 4 4 5664008
2824 2 4 4 5668932
1010 2 4 4 5734208
1610 2 4 4 5759022
2863 2 4 4 5764428
89 2 4 4 5785063
1169 2 4 4 5786970
1554 2 4 4 5860912
983 2 4 4 5868792
2523 2 4 4 5897074
1343 2 4 4 5897640
808 2 4 4 5916888
1814 2 4 4 5954548
2478 2 4 4 5992992
2638 2 4 4 6006435
2670 2 4 4 6008682
521 2 4 4 6037656
790 2 4 4 6044096
670 2 4 4 6047940
331 2 4 4 6076800
2882 2 4 4 6105920
140 2 4 4 6124024
440 2 4 4 6127764
2345 2 4 4 6139264
2665 2 4 4 6189352
2502 2 4 4 6227220
2704 2 4 4 6297774
1570 2 4 4 6304326
2944 2 4 4 6319840
564 2 4 4 6370224
466 2 4 4 6439711
1670 2 4 4 6445364
2460 2 4 4 6448874
2611 2 4 4 6480164
2423 2 4 4 6497840
2170 2 4 4 6539464
2227 2 4 4 6549008
73 2 4 4 6556052
307 2 4 4 6560492
2095 2 4 4 6560700
2019 2 4 4 6572320
544 2 4 4 6588132
1175 2 4 4 6590196
1155 2 4 4 6602436
1704 2 4 4 6671696
637 2 4 4 6676660
767 2 4 4 6688464
1020 2 4 4 6709352
1012 2 4 4 6732140
2039 2 4 4 6733802
1381 2 4 4 6749968
2666 2 4 4 6758654
2927 2 4 4 6807586
994 2 4 4 6849917
1089 2 4 4 6851000
2498 2 4 4 6904982
1095 2 4 4 6907821
1363 2 4 4 6925024
510 2 4 4 6941312
459 2 4 4 6980004
1668 2 4 4 6983760
2556 2 4 4 6995226
736 2 4 4 7020350
481 2 4 4 7024092
1941 2 4 4 7032896
2239 2 4 4 7033408
494 2 4 4 7035996
2356 2 4 4 7086410
735 2 4 4 7087303
258 2 4 4 7094444
1933 2 4 4 7120256
1643 2 4 4 7133260
398 2 4 4 7184076
2046 2 4 4 7185056
1746 2 4 4 7192104
1897 2 4 4 7215744
2663 2 4 4 7231056
1047 2 4 4 7281300
35 2 4 4 7287900
2491 2 4 4 7292112
1049 2 4 4 7292224
1711 2 4 4 7311696
2855 2 4 4 7312745
40 2 4 4 7369570
2817 2 4 4 7387536
1002 2 4 4 7392582
1758 2 4 4 7410804
576 2 4 4 7438231
2598 2 4 4 7458290
1263 2 4 4 7459324
2494 2 4 4 7470862
2881 2 4 4 7475842
2813 2 4 4 7490796
2207 2 4 4 7519864
1313 2 4 4 7526884
209 2 4 4 7530278
667 2 4 4 7534008
1073 2 4 4 7545762
1574 2 4 4 7567552
1118 2 4 4 7568802
1777 2 4 4 7570280
386 2 4 4 7570327
1019 2 4 4 7581660
1504 2 4 4 7592180
1825 2 4 4 7649904
342 2 4 4 7759992
2219 2 4 4 7783056
1952 2 4 4 7800936
1629 2 4 4 7812690
1025 2 4 4 7837028
1521 2 4 4 7860920
351 2 4 4 7906561
2018 2 4 4 7928928
408 2 4 4 7935936
1524 2 4 4 7974016
1109 2 4 4 7985892
171 2 4 4 8032484
2218 2 4 4 8039908
1641 2 4 4 8057488
1161 2 4 4 8067700
257 2 4 4 8080228
1513 2 4 4 8108200
747 2 4 4 8110658
1200 2 4 4 8115970
264 2 4 4 8140114
396 2 4 4 8160360
1548 2 4 4 8171443
1824 2 4 4 8202519
1607 2 4 4 8216154
1853 2 4 4 8270392
442 2 4 4 8271300
961 2 4 4 8335486
1624 2 4 4 8342244
1756 2 4 4 8368956
1487 2 4 4 8387674
682 2 4 4 8388222
1902 2 4 4 8408466
1007 2 4 4 8418242
84 2 4 4 8420732
1447 2 4 4 8480318
1567 2 4 4 8494547
244 2 4 4 8517418
801 2 4 4 8539896
1924 2 4 4 8584476
262 2 4 4 8594208
357 2 4 4 8602305
58 2 4 4 8617052
1874 2 4 4 8624564
915 2 4 4 8633720
2057 2 4 4 8658524
2180 2 4 4 8662422
1977 2 4 4 8663100
596 2 4 4 8671672
1910 2 4 4 8686128
1425 2 4 4 8705870
379 2 4 4 8726950
1264 2 4 4 8730300
1847 2 4 4 8742680
888 2 4 4 8760118
1486 2 4 4 8780551
864 2 4 4 8798586
1395 2 4 4 8820120
1393 2 4 4 8841874
203 2 4 4 8851433
1821 2 4 4 8896344
624 2 4 4 8913896
858 2 4 4 8932304
488 2 4 4 8949820
1628 2 4 4 8961909
979 2 4 4 8967230
1457 2 4 4 9025425
469 2 4 4 9034538
913 2 4 4 9039878
407 2 4 4 9061716
1817 2 4 4 9075814
985 2 4 4 9108088
1404 2 4 4 9123576
1909 2 4 4 9142804
1750 2 4 4 9151568
773 2 4 4 9177576
567 2 4 4 9204716
1705 2 4 4 9221592
1664 2 4 4 9227112
1925 2 4 4 9234542
101 2 4 4 9275072
2074 2 4 4 9275712
1956 2 4 4 9296244
1444 2 4 4 9313120
1464 2 4 4 9320928
1799 2 4 4 9346780
91 2 4 4 9349145
2113 2 4 4 9359220
1523 2 4 4 9411010
1736 2 4 4 9512094
489 2 4 4 9554340
2157 2 4 4 9560780
2285 2 4 4 9586604
1992 2 4 4 9613244
1546 2 4 4 9615240
2279 2 4 4 9622353
416 2 4 4 9626880
1043 2 4 4 9637680
1868 2 4 4 9638974
272 2 4 4 9640620
1978 2 4 4 9647808
1159 2 4 4 9658624
314 2 4 4 9663136
336 2 4 4 9665652
2231 2 4 4 9669348
1322 2 4 4 9702512
415 2 4 4 9721906
95 2 4 4 9724547
836 2 4 4 9741360
470 2 4 4 9784045
1539 2 4 4 9800824
242 2 4 4 9841602
2145 2 4 4 9860074
59 2 4 4 9903256
707 2 4 4 9932960
1520 2 4 4 9960864
960 2 4 4 9981720
1667 2 4 4 9990352
944 2 4 4 10027768
1798 2 4 4 10030100
1443 2 4 4 10039120
1497 2 4 4 10049024
524 2 4 4 10062672
570 2 4 4 10077008
290 2 4 4 10078830
1079 2 4 4 10080899
423 2 4 4 10106600
2166 2 4 4 10162389
1376 2 4 4 10167573
2181 2 4 4 10170856
370 2 4 4 10174736
1980 2 4 4 10194744
168 2 4 4 10207578
982 2 4 4 10219518
252 2 4 4 10253616
692 2 4 4 10291464
1106 2 4 4 10316272
2027 2 4 4 10342438
1955 2 4 4 10368524
1253 2 4 4 10392078
163 2 4 4 10394736
973 2 4 4 10412964
910 2 4 4 10414976
1599 2 4 4 10418952
825 2 4 4 10447522
1472 2 4 4 10500199
219 2 4 4 10507512
1556 2 4 4 10519472
1795 2 4 4 10570968
2343 2 4 4 10588648
804 2 4 4 10597628
1426 2 4 4 10652914
1066 2 4 4 10672928
900 2 4 4 10678192
1976 2 4 4 10683134
847 2 4 4 10688368
2261 2 4 4 10708912
1139 2 4 4 10782130
1459 2 4 4 10784764
387 2 4 4 10797370
295 2 4 4 10894392
1708 2 4 4 10966912
414 2 4 4 10983244
1552 2 4 4 10999896
1442 2 4 4 11011010
1146 2 4 4 11042936
87 2 4 4 11071768
862 2 4 4 11075934
1491 2 4 4 11150612
2164 2 4 4 11153008
2008 2 4 4 11154068
104 2 4 4 11192040
1775 2 4 4 11196300
656 2 4 4 11202912
1608 2 4 4 11210256
2293 2 4 4 11244368
604 2 4 4 11267654
2247 2 4 4 11269524
2326 2 4 4 11305332
984 2 4 4 11309692
962 2 4 4 11337408
30 2 4 4 11375868
1714 2 4 4 11388000
198 2 4 4 11430146
1038 2 4 4 11434860
1579 2 4 4 11456740
2253 2 4 4 11460012
175 2 4 4 11474196
2238 2 4 4 11485212
2702 2 4 4 11521534
393 2 4 4 11524808
2738 2 4 4 11531452
221 2 4 4 11537536
2570 2 4 4 11555498
2500 2 4 4 11577548
2617 2 4 4 11595217
1551 2 4 4 11631208
2152 2 4 4 11638608
2340 2 4 4 11658046
2302 2 4 4 11675432
1638 2 4 4 11695744
2108 2 4 4 11743262
1239 2 4 4 11743652
1234 2 4 4 11745440
1669 2 4 4 11767796
334 2 4 4 11825166
2496 2 4 4 11850878
2298 2 4 4 11853216
2454 2 4 4 11863792
1250 2 4 4 11864360
1162 2 4 4 11867077
856 2 4 4 11914754
164 2 4 4 11940422
1197 2 4 4 11968530
1676 2 4 4 11972590
1251 2 4 4 12004381
1706 2 4 4 12057558
2873 2 4 4 12094824
2431 2 4 4 12131612
512 2 4 4 12165344
1137 2 4 4 12185412
906 2 4 4 12185432
2222 2 4 4 12189292
2208 2 4 4 12223864
2754 2 4 4 12229648
325 2 4 4 12235824
658 2 4 4 12265916
2188 2 4 4 12278888
1557 2 4 4 12279800
2041 2 4 4 12288820
1418 2 4 4 12294744
1962 2 4 4 12304520
2221 2 4 4 12320672
2522 2 4 4 12327124
2067 2 4 4 12354492
1372 2 4 4 12366984
2439 2 4 4 12379294
794 2 4 4 12386609
1324 2 4 4 12391028
1760 2 4 4 12411496
179 2 4 4 12417366
740 2 4 4 12432078
1440 2 4 4 12435772
2834 2 4 4 12475220
835 2 4 4 12483468
863 2 4 4 12486866
600 2 4 4 12492288
958 2 4 4 12493174
949 2 4 4 12551974
430 2 4 4 12574084
1056 2 4 4 12585866
2724 2 4 4 12587400
2050 2 4 4 12600108
465 2 4 4 12624680
2568 2 4 4 12641704
2946 2 4 4 12662578
2636 2 4 4 12720956
1220 2 4 4 12759805
1597 2 4 4 12760504
1806 2 4 4 12790746
2106 2 4 4 12798094
132 2 4 4 12837540
1419 2 4 4 12849768
1639 2 4 4 12870664
2857 2 4 4 12871607
363 2 4 4 12876794
952 2 4 4 12881200
2509 2 4 4 12896108
1378 2 4 4 12925906
473 2 4 4 12999678
630 2 4 4 13005683
575 2 4 4 13005852
1919 2 4 4 13007026
124 2 4 4 13072540
1860 2 4 4 13075552
1103 2 4 4 13105886
189 2 4 4 13116860
2766 2 4 4 13135060
1534 2 4 4 13151998
2847 2 4 4 13156566
420 2 4 4 13199342
2908 2 4 4 13248330
2742 2 4 4 13355462
587 2 4 4 13360295
1780 2 4 4 13367787
2028 2 4 4 13372440
2215 2 4 4 13412676
2797 2 4 4 13451032
2767 2 4 4 13476762
2090 2 4 4 13528574
232 2 4 4 13545830
2457 2 4 4 13605790
1238 2 4 4 13615962
2156 2 4 4 13637272
1938 2 4 4 13666302
2737 2 4 4 13666768
1506 2 4 4 13677060
2143 2 4 4 13710136
2401 2 4 4 13724344
1657 2 4 4 13741124
538 2 4 4 13761016
1026 2 4 4 13780616
63 2 4 4 13802304
770 2 4 4 13819184
2459 2 4 4 13860140
1224 2 4 4 13873226
831 2 4 4 13920400
941 2 4 4 13932572
287 2 4 4 13966316
2173 2 4 4 13984371
851 2 4 4 13990518
2939 2 4 4 13992668
1057 2 4 4 14024032
2869 2 4 4 14049204
1192 2 4 4 14067228
1715 2 4 4 14077242
1748 2 4 4 14104796
2910 2 4 4 14159460
758 2 4 4 14162770
1168 2 4 4 14179584
640 2 4 4 14190772
620 2 4 4 14194088
443 2 4 4 14211474
1954 2 4 4 14232662
302 2 4 4 14270967
1951 2 4 4 14298113
599 2 4 4 14301408
2898 2 4 4 14355364
1078 2 4 4 14363561
1946 2 4 4 14374304
27 2 4 4 14374654
1348 2 4 4 14387678
424 2 4 4 14399742
556 2 4 4 14450206
1289 2 4 4 14458725
1216 2 4 4 14484192
2350 2 4 4 14491456
348 2 4 4 14530382
195 2 4 4 14555432
722 2 4 4 14563848
1722 2 4 4 14570192
845 2 4 4 14597088
762 2 4 4 14599678
932 2 4 4 14614344
1872 2 4 4 14624605
1282 2 4 4 14634832
669 2 4 4 14651880
1112 2 4 4 14687836
81 2 4 4 14699141
2546 2 4 4 14702640
715 2 4 4 14735320
1993 2 4 4 14757328
142 2 4 4 14769414
591 2 4 4 14772538
376 2 4 4 14773857
1922 2 4 4 14807528
2493 2 4 4 14816472
1585 2 4 4 14844544
870 2 4 4 14856815
523 2 4 4 14860320
2806 2 4 4 14880872
2153 2 4 4 14903920
2311 2 4 4 14904250
1407 2 4 4 14906046
2709 2 4 4 14930588
2342 2 4 4 14934658
2657 2 4 4 14974570
2576 2 4 4 14980712
909 2 4 4 15042402
1092 2 4 4 15045360
2327 2 4 4 15048564
2486 2 4 4 15054448
2945 2 4 4 15060740
547 2 4 4 15099464
1409 2 4 4 15111584
2043 2 4 4 15171416
841 2 4 4 15171972
2335 2 4 4 15186560
2336 2 4 4 15244014
993 2 4 4 15260864
2096 2 4 4 15302919
1764 2 4 4 15319360
1691 2 4 4 15333376
2230 2 4 4 15333459
772 2 4 4 15353420
256 2 4 4 15385600
1652 2 4 4 15387442
642 2 4 4 15392024
1121 2 4 4 15396938
2160 2 4 4 15506248
4419 2 4 4 15540958
4440 2 4 4 15559728
608 2 4 4 15627462
2038 2 4 4 15681908
1227 2 4 4 15690256
3634 2 4 4 15693144
1356 2 4 4 15698978
3985 2 4 4 15739117
1573 2 4 4 15754750
1075 2 4 4 15774870
3026 2 4 4 15775393
109 2 4 4 15787734
601 2 4 4 15842392
1604 2 4 4 15853444
2594 2 4 4 15873068
225 2 4 4 15879851
3429 2 4 4 15900704
2984 2 4 4 15920304
1412 2 4 4 15976604
651 2 4 4 15977832
1401 2 4 4 15992496
4788 2 4 4 15994146
1626 2 4 4 15998072
3973 2 4 4 16014560
4935 2 4 4 16021160
1562 2 4 4 16032170
2573 2 4 4 16048801
2403 2 4 4 16067008
2139 2 4 4 16095052
1398 2 4 4 16099364
3101 2 4 4 16100116
1601 2 4 4 16116318
4074 2 4 4 16118140
4693 2 4 4 16123972
2763 2 4 4 16128816
4254 2 4 4 16132612
897 2 4 4 16142432
698 2 4 4 16155876
732 2 4 4 16164412
550 2 4 4 16170508
2197 2 4 4 16175752
1060 2 4 4 16238727
1788 2 4 4 16243716
381 2 4 4 16269186
2674 2 4 4 16280372
154 2 4 4 16289108
2415 2 4 4 16289220
4371 2 4 4 16306921
4800 2 4 4 16314158
4402 2 4 4 16323968
2517 2 4 4 16389972
486 2 4 4 16454308
4583 2 4 4 16495004
4453 2 4 4 16510473
4266 2 4 4 16549608
3214 2 4 4 16552986
1284 2 4 4 16554472
2646 2 4 4 16581200
1936 2 4 4 16583006
3011 2 4 4 16601948
76 2 4 4 16654200
1985 2 4 4 16686252
4400 2 4 4 16688020
2199 2 4 4 16714920
2189 2 4 4 16775910
3300 2 4 4 16798188
4879 2 4 4 16807632
4510 2 4 4 16823697
4496 2 4 4 16834404
2267 2 4 4 16839944
3138 2 4 4 16840674
2755 2 4 4 16855488
1094 2 4 4 16903216
3869 2 4 4 16907396
3234 2 4 4 16949678
3728 2 4 4 16966276
2720 2 4 4 16980104
2402 2 4 4 17002912
1071 2 4 4 17031997
2662 2 4 4 17084996
1470 2 4 4 17099786
963 2 4 4 17107008
2489 2 4 4 17113588
2791 2 4 4 17141096
1699 2 4 4 17178594
3221 2 4 4 17213988
4880 2 4 4 17229966
936 2 4 4 17271090
3040 2 4 4 17290376
2167 2 4 4 17356164
3128 2 4 4 17357136
409 2 4 4 17375340
1262 2 4 4 17381152
4843 2 4 4 17384472
1144 2 4 4 17394744
3924 2 4 4 17401090
178 2 4 4 17405840
4573 2 4 4 17413280
1693 2 4 4 17494872
4658 2 4 4 17534722
3102 2 4 4 17549552
4834 2 4 4 17567044
4498 2 4 4 17576868
2420 2 4 4 17587296
1347 2 4 4 17605488
3659 2 4 4 17610040
5320 2 4 4 17610067
5011 2 4 4 17632536
5131 2 4 4 17644788
3708 2 4 4 17741482
3088 2 4 4 17766714
5242 2 4 4 17774830
5283 2 4 4 17795154
3627 2 4 4 17795218
1710 2 4 4 17861234
1619 2 4 4 17892940
2533 2 4 4 17906352
3654 2 4 4 17921244
2682 2 4 4 17951735
3709 2 4 4 17970284
5192 2 4 4 18002826
4557 2 4 4 18007136
1383 2 4 4 18011091
2086 2 4 4 18012147
622 2 4 4 18016925
326 2 4 4 18039054
2776 2 4 4 18099485
3679 2 4 4 18114016
2359 2 4 4 18122830
333 2 4 4 18136552
1000 2 4 4 18149346
4448 2 4 4 18180052
1368 2 4 4 18180436
1427 2 4 4 18220324
2383 2 4 4 18226158
4517 2 4 4 18237490
130 2 4 4 18240028
2305 2 4 4 18270351
1618 2 4 4 18280111
5749 2 4 4 18301102
3521 2 4 4 18313083
1402 2 4 4 18314930
3865 2 4 4 18325200
2317 2 4 4 18333805
4672 2 4 4 18342492
628 2 4 4 18351931
2289 2 4 4 18354334
5152 2 4 4 18370344
5239 2 4 4 18371340
585 2 4 4 18388802
5615 2 4 4 18401462
4580 2 4 4 18408104
748 2 4 4 18442340
4085 2 4 4 18550662
449 2 4 4 18566468
3948 2 4 4 18571392
2795 2 4 4 18572656
4901 2 4 4 18587812
2016 2 4 4 18591112
2474 2 4 4 18614245
5459 2 4 4 18626354
196 2 4 4 18635636
2352 2 4 4 18677409
1269 2 4 4 18722020
5371 2 4 4 18748616
4744 2 4 4 18753722
1881 2 4 4 18800888
2563 2 4 4 18823534
4859 2 4 4 18841666
4186 2 4 4 18890324
4239 2 4 4 18903444
1588 2 4 4 18924410
5450 2 4 4 18940014
434 2 4 4 18959624
2528 2 4 4 18991548
2069 2 4 4 19016054
5477 2 4 4 19025950
1151 2 4 4 19051176
3228 2 4 4 19073346
3701 2 4 4 19073370
5721 2 4 4 19096020
1707 2 4 4 19107812
1046 2 4 4 19117200
2664 2 4 4 19140819
5056 2 4 4 19156796
2328 2 4 4 19163418
4295 2 4 4 19199142
1502 2 4 4 19204640
1958 2 4 4 19238026
1331 2 4 4 19241136
3746 2 4 4 19243700
3346 2 4 4 19244204
3974 2 4 4 19261323
1671 2 4 4 19323780
2329 2 4 4 19363404
719 2 4 4 19368536
2785 2 4 4 19406392
322 2 4 4 19427504
2198 2 4 4 19487416
1616 2 4 4 19553908
2885 2 4 4 19559985
5633 2 4 4 19595915
3581 2 4 4 19624908
2513 2 4 4 19634408
6237 2 4 4 19651668
1763 2 4 4 19664526
6632 2 4 4 19701176
7073 2 4 4 19702626
3851 2 4 4 19732556
6485 2 4 4 19751924
6136 2 4 4 19758710
7466 2 4 4 19778890
283 2 4 4 19796208
2010 2 4 4 19806828
1633 2 4 4 19827232
1001 2 4 4 19839224
3811 2 4 4 19847004
1336 2 4 4 19898470
2256 2 4 4 19905000
5734 2 4 4 19917984
6157 2 4 4 19919194
1158 2 4 4 19930912
2990 2 4 4 19937684
1692 2 4 4 19973700
1423 2 4 4 20015178
6812 2 4 4 20015344
3740 2 4 4 20019032
3800 2 4 4 20060732
4679 2 4 4 20077164
352 2 4 4 20097432
793 2 4 4 20146948
2025 2 4 4 20163506
3653 2 4 4 20170749
5344 2 4 4 20186850
7319 2 4 4 20200088
812 2 4 4 20224498
301 2 4 4 20239612
6104 2 4 4 20252512
328 2 4 4 20260221
5041 2 4 4 20261194
6058 2 4 4 20267820
3673 2 4 4 20275256
5831 2 4 4 20283124
6505 2 4 4 20312645
3520 2 4 4 20368608
4808 2 4 4 20407471
5814 2 4 4 20408312
1703 2 4 4 20412488
7275 2 4 4 20424704
5248 2 4 4 20469444
6914 2 4 4 20495850
1510 2 4 4 20500604
5761 2 4 4 20513959
7026 2 4 4 20533224
4751 2 4 4 20543936
5216 2 4 4 20581656
6787 2 4 4 20588424
6055 2 4 4 20592511
5914 2 4 4 20620006
4699 2 4 4 20652294
383 2 4 4 20744032
4759 2 4 4 20769996
6417 2 4 4 20773494
77 2 4 4 20773652
7285 2 4 4 20777520
1260 2 4 4 20784112
2084 2 4 4 20789272
1283 2 4 4 20822864
5581 2 4 4 20824968
3778 2 4 4 20849232
2471 2 4 4 20849320
5698 2 4 4 20853938
4224 2 4 4 20860960
6888 2 4 4 20890721
3240 2 4 4 20930256
3226 2 4 4 20932984
2876 2 4 4 20935092
7254 2 4 4 20983374
866 2 4 4 20987586
6454 2 4 4 21011920
3312 2 4 4 21056040
634 2 4 4 21079848
6613 2 4 4 21089210
5224 2 4 4 21100128
3390 2 4 4 21103740
327 2 4 4 21114048
6285 2 4 4 21123766
6313 2 4 4 21190524
300 2 4 4 21195528
7461 2 4 4 21254207
5876 2 4 4 21332036
3002 2 4 4 21359592
5196 2 4 4 21365318
6156 2 4 4 21380185
4228 2 4 4 21398472
7224 2 4 4 21399660
3334 2 4 4 21440960
7321 2 4 4 21460438
1370 2 4 4 21492016
5543 2 4 4 21519294
4894 2 4 4 21527594
2007 2 4 4 21530688
6082 2 4 4 21566526
8340 2 4 4 21579632
850 2 4 4 21580928
3386 2 4 4 21587865
4391 2 4 4 21596942
2931 2 4 4 21603596
2485 2 4 4 21612204
6011 2 4 4 21624646
439 2 4 4 21657536
534 2 4 4 21665130
3074 2 4 4 21683024
6838 2 4 4 21701015
8484 2 4 4 21753300
2185 2 4 4 21762778
3285 2 4 4 21796554
10082 2 4 4 21837761
2009 2 4 4 21840608
2645 2 4 4 21853054
8542 2 4 4 21870602
3719 2 4 4 21881344
2608 2 4 4 21885942
3247 2 4 4 21904182
355 2 4 4 21921112
1475 2 4 4 21931507
5476 2 4 4 21942930
8682 2 4 4 21945546
9671 2 4 4 21947298
8274 2 4 4 21962240
1124 2 4 4 21962764
7875 2 4 4 22032326
8692 2 4 4 22054604
4378 2 4 4 22070984
9184 2 4 4 22072963
5818 2 4 4 22083226
10284 2 4 4 22090010
3912 2 4 4 22098415
6069 2 4 4 22114208
8120 2 4 4 22143140
419 2 4 4 22158672
672 2 4 4 22181168
4233 2 4 4 22196268
2701 2 4 4 22224317
7628 2 4 4 22232820
3078 2 4 4 22247692
4530 2 4 4 22259468
4566 2 4 4 22261560
6580 2 4 4 22268357
6748 2 4 4 22294186
589 2 4 4 22301474
9302 2 4 4 22344308
5153 2 4 4 22373992
7287 2 4 4 22393410
3123 2 4 4 22401524
5470 2 4 4 22413504
2224 2 4 4 22485679
2065 2 4 4 22495488
5733 2 4 4 22496946
8423 2 4 4 22524180
23 2 4 4 22531276
8812 2 4 4 22571842
8993 2 4 4 22586136
6676 2 4 4 22602674
4465 2 4 4 22631928
5402 2 4 4 22646148
250 2 4 4 22652598
1646 2 4 4 22659570
2935 2 4 4 22691284
530 2 4 4 22701012
210 2 4 4 22722844
5871 2 4 4 22753442
8341 2 4 4 22754752
9836 2 4 4 22761816
4776 2 4 4 22761932
1422 2 4 4 22821968
8880 2 4 4 22827386
7308 2 4 4 22855988
7169 2 4 4 22863344
9366 2 4 4 22890268
9417 2 4 4 22925780
8744 2 4 4 22930656
6421 2 4 4 23018292
313 2 4 4 23062884
8174 2 4 4 23106344
7700 2 4 4 23107658
8072 2 4 4 23131144
323 2 4 4 23134758
7302 2 4 4 23180220
5129 2 4 4 23192706
6479 2 4 4 23201572
1147 2 4 4 23332404
4860 2 4 4 23345718
356 2 4 4 23380340
4202 2 4 4 23381304
1035 2 4 4 23432380
426 2 4 4 23448996
7711 2 4 4 23467842
1245 2 4 4 23498947
10204 2 4 4 23518228
9559 2 4 4 23526956
83 2 4 4 23540374
14456 2 4 4 23552868
8874 2 4 4 23563804
7796 2 4 4 23582698
7119 2 4 4 23621967
977 2 4 4 23623190
14530 2 4 4 23626197
2262 2 4 4 23653660
9508 2 4 4 23667968
950 2 4 4 23694668
2867 2 4 4 23694798
13643 2 4 4 23714800
3021 2 4 4 23771734
3198 2 4 4 23776604
1417 2 4 4 23782860
13989 2 4 4 23790188
14651 2 4 4 23792592
3327 2 4 4 23798392
11142 2 4 4 23807276
5630 2 4 4 23830746
5662 2 4 4 23842480
6272 2 4 4 23901122
7207 2 4 4 23909904
8972 2 4 4 23910998
9367 2 4 4 23923356
13216 2 4 4 23934902
12449 2 4 4 23936844
13075 2 4 4 23969524
10742 2 4 4 23972238
1232 2 4 4 23981056
7331 2 4 4 24007356
6746 2 4 4 24010396
13793 2 4 4 24051284
13336 2 4 4 24060794
9378 2 4 4 24085356
9638 2 4 4 24086642
12294 2 4 4 24100360
13196 2 4 4 24121914
5110 2 4 4 24138796
4963 2 4 4 24151410
4648 2 4 4 24165418
3304 2 4 4 24168269
987 2 4 4 24191435
8020 2 4 4 24208208
5547 2 4 4 24213666
8014 2 4 4 24228548
14463 2 4 4 24245120
460 2 4 4 24291365
9215 2 4 4 24307784
797 2 4 4 24316506
3389 2 4 4 24392430
1345 2 4 4 24455430
11707 2 4 4 24456318
4200 2 4 4 24471512
11771 2 4 4 24479893
8577 2 4 4 24491524
4874 2 4 4 24622724
1953 2 4 4 24628492
1678 2 4 4 24639267
3702 2 4 4 24682148
2032 2 4 4 24691251
3591 2 4 4 24694272
12845 2 4 4 24694882
3762 2 4 4 24698256
13458 2 4 4 24714281
6527 2 4 4 24716016
11299 2 4 4 24735545
13246 2 4 4 24746280
616 2 4 4 24782112
3048 2 4 4 24814626
6289 2 4 4 24839834
321 2 4 4 24859260
10950 2 4 4 24934554
10253 2 4 4 24947314
12651 2 4 4 24959294
2410 2 4 4 24976264
9235 2 4 4 25038585
13353 2 4 4 25052608
13904 2 4 4 25081696
752 2 4 4 25090440
9822 2 4 4 25095592
9457 2 4 4 25140776
2555 2 4 4 25184555
14503 2 4 4 25210504
14102 2 4 4 25213203
6972 2 4 4 25225198
8700 2 4 4 25226374
14751 2 4 4 25282488
6437 2 4 4 25288648
9706 2 4 4 25295112
5994 2 4 4 25303428
3057 2 4 4 25308700
3614 2 4 4 25402120
5652 2 4 4 25402823
10959 2 4 4 25409876
11598 2 4 4 25431092
2839 2 4 4 25462922
14323 2 4 4 25466384
15405 2 4 4 25530864
15621 2 4 4 25535085
6092 2 4 4 25579940
3657 2 4 4 25590046
13640 2 4 4 25602797
3502 2 4 4 25607124
20335 2 4 4 25651788
14183 2 4 4 25667526
16178 2 4 4 25699024
10283 2 4 4 25700298
9343 2 4 4 25759185
29266 2 4 4 25782672
13527 2 4 4 25803536
3919 2 4 4 25809380
3570 2 4 4 25842017
19303 2 4 4 25853778
3140 2 4 4 25866951
1851 2 4 4 25873516
21584 2 4 4 25879958
5029 2 4 4 25914642
20138 2 4 4 25965856
2355 2 4 4 26003256
11196 2 4 4 26034914
20109 2 4 4 26036152
25664 2 4 4 26053763
4405 2 4 4 26060376
6450 2 4 4 26067202
9990 2 4 4 26072900
2000 2 4 4 26136013
1733 2 4 4 26137614
16613 2 4 4 26149600
2245 2 4 4 26173073
13756 2 4 4 26181806
18550 2 4 4 26234240
14166 2 4 4 26248240
19395 2 4 4 26248460
28792 2 4 4 26270680
23828 2 4 4 26271968
22998 2 4 4 26274831
28357 2 4 4 26314991
702 2 4 4 26327592
2437 2 4 4 26336280
9563 2 4 4 26364734
475 2 4 4 26406160
13575 2 4 4 26463440
6381 2 4 4 26476544
23065 2 4 4 26477405
23231 2 4 4 26502498
14046 2 4 4 26516618
28011 2 4 4 26527764
9283 2 4 4 26530904
11927 2 4 4 26542162
8201 2 4 4 26543080
1032 2 4 4 26576516
25374 2 4 4 26595452
14741 2 4 4 26607424
14882 2 4 4 26622100
13095 2 4 4 26627978
15304 2 4 4 26631219
6351 2 4 4 26669496
17709 2 4 4 26694040
13124 2 4 4 26720761
19930 2 4 4 26744034
19784 2 4 4 26758456
8267 2 4 4 26763360
19920 2 4 4 26781532
27524 2 4 4 26803610
28635 2 4 4 26805122
28043 2 4 4 26814582
26417 2 4 4 26815828
27297 2 4 4 26836884
20662 2 4 4 26890824
18165 2 4 4 26950660
765 2 4 4 27007798
19525 2 4 4 27019098
27985 2 4 4 27026944
13833 2 4 4 27032034
28081 2 4 4 27047233
20473 2 4 4 27051392
2452 2 4 4 27065588
12411 2 4 4 27086107
16569 2 4 4 27122808
2954 2 4 4 27135352
9780 2 4 4 27152734
27392 2 4 4 27195862
23690 2 4 4 27215568
18561 2 4 4 27226464
20183 2 4 4 27245032
5679 2 4 4 27258008
22600 2 4 4 27262320
17771 2 4 4 27285149
15193 2 4 4 27299632
11479 2 4 4 27322812
24374 2 4 4 27324779
23176 2 4 4 27350872
26717 2 4 4 27384032
11027 2 4 4 27445972
2780 2 4 4 27453397
13782 2 4 4 27461066
1212 2 4 4 27487336
4682 2 4 4 27533596
30683 2 4 4 27568312
32941 2 4 4 27579526
19623 2 4 4 27594476
2915 2 4 4 27601276
11620 2 4 4 27607116
20651 2 4 4 27652514
9361 2 4 4 27655688
18851 2 4 4 27672356
5873 2 4 4 27721390
8920 2 4 4 27779254
32774 2 4 4 27780320
844 2 4 4 27804657
21275 2 4 4 27820964
18532 2 4 4 27850212
3378 2 4 4 27895150
32314 2 4 4 27910774
35402 2 4 4 27916930
19684 2 4 4 27920354
14816 2 4 4 27941676
2578 2 4 4 27943988
15900 2 4 4 27954662
6889 2 4 4 27965796
28451 2 4 4 27976869
13087 2 4 4 28035212
3208 2 4 4 28046039
15383 2 4 4 28046896
3236 2 4 4 28058156
5804 2 4 4 28068790
13453 2 4 4 28071344
2872 2 4 4 28118249
343 2 4 4 28123997
6402 2 4 4 28124196
7564 2 4 4 28124368
12521 2 4 4 28144152
23234 2 4 4 28161418
9570 2 4 4 28185963
21068 2 4 4 28187650
18380 2 4 4 28190414
4990 2 4 4 28191790
30716 2 4 4 28221732
10084 2 4 4 28229448
28918 2 4 4 28269092
16601 2 4 4 28299120
32011 2 4 4 28348626
1689 2 4 4 28375779
30252 2 4 4 28405992
5472 2 4 4 28421520
16488 2 4 4 28427778
4652 2 4 4 28437836
17181 2 4 4 28461291
330 2 4 4 28551626
5387 2 4 4 28588808
10301 2 4 4 28649408
18756 2 4 4 28652884
32847 2 4 4 28655710
18783 2 4 4 28665068
13796 2 4 4 28779912
12499 2 4 4 28804556
14320 2 4 4 28826158
24462 2 4 4 28844546
19130 2 4 4 28861802
23393 2 4 4 28883608
6678 2 4 4 29021580
17601 2 4 4 29048482
8324 2 4 4 29143830
29608 2 4 4 29149592
9749 2 4 4 29251272
32553 2 4 4 29275842
13364 2 4 4 29349200
35480 2 4 4 29371304
31203 2 4 4 29397423
6959 2 4 4 29447986
9324 2 4 4 29535362
3945 2 4 4 29535554
16996 2 4 4 29579674
18371 2 4 4 29605520
2859 2 4 4 29612814
33461 2 4 4 29687174
18201 2 4 4 29787144
12415 2 4 4 29815556
25104 2 4 4 29843944
1275 2 4 4 29854156
378 2 4 4 29899320
19931 2 4 4 29903496
31540 2 4 4 29989092
18312 2 4 4 30010868
31741 2 4 4 30015728
16624 2 4 4 30117108
32622 2 4 4 30129640
19620 2 4 4 30163485
7596 2 4 4 30188828
12308 2 4 4 30263332
25716 2 4 4 30270986
4855 2 4 4 30328244
2708 2 4 4 30593611
22742 2 4 4 30632070
10833 2 4 4 30645584
35309 2 4 4 30645926
10574 2 4 4 30650784
2081 2 4 4 30674352
6826 2 4 4 30691456
8490 2 4 4 30736524
20390 2 4 4 30825936
30505 2 4 4 31028166
11040 2 4 4 31039110
23463 2 4 4 31117414
11786 2 4 4 31118566
15672 2 4 4 31231101
7346 2 4 4 31362946
15821 2 4 4 31421013
35368 2 4 4 31451326
33732 2 4 4 31462841
25971 2 4 4 31474808
4485 2 4 4 31504824
10142 2 4 4 31559598
31695 2 4 4 31633532
10839 2 4 4 31635500
33794 2 4 4 31666894
24262 2 4 4 31712424
26019 2 4 4 31827362
11361 2 4 4 32007320
11534 2 4 4 32016641
1439 2 4 4 32061386
30717 2 4 4 32088891
20835 2 4 4 32100392
35331 2 4 4 32260404
31135 2 4 4 32282553
14859 2 4 4 32344008
20147 2 4 4 32515636
9871 2 4 4 32605696
16267 2 4 4 32661778
29423 2 4 4 32675254
3597 2 4 4 32728924
24718 2 4 4 32747536
21818 2 4 4 32798144
18396 2 4 4 32799740
25373 2 4 4 32959859
13599 2 4 4 33016024
7406 2 4 4 33314851
13130 2 4 4 33413636
31595 2 4 4 33501637
30118 2 4 4 33765525
28191 2 4 4 33993181
