1077 2 3 3 100100
8 2 3 3 100116
972 2 3 3 100500
435 2 3 3 100788
375 2 3 3 100870
590 2 3 3 100926
1082 2 3 3 101840
1133 2 3 3 101990
244 2 3 3 102060
1034 2 3 3 102486
695 2 3 3 102672
711 2 3 3 102684
75 2 3 3 102816
1064 2 3 3 103726
1115 2 3 3 103752
405 2 3 3 103968
623 2 3 3 104014
995 2 3 3 104300
1083 2 3 3 104470
448 2 3 3 105462
756 2 3 3 105480
10 2 3 3 105569
737 2 3 3 105624
529 2 3 3 105728
986 2 3 3 106023
461 2 3 3 106408
224 2 3 3 106434
896 2 3 3 106470
997 2 3 3 108150
518 2 3 3 108560
635 2 3 3 109687
45 2 3 3 110160
18 2 3 3 110693
829 2 3 3 111397
259 2 3 3 111936
274 2 3 3 112288
641 2 3 3 112320
594 2 3 3 112344
598 2 3 3 112716
928 2 3 3 112911
428 2 3 3 112924
614 2 3 3 112950
1140 2 3 3 113256
44 2 3 3 113582
296 2 3 3 113712
508 2 3 3 114103
615 2 3 3 114204
939 2 3 3 114275
507 2 3 3 114597
126 2 3 3 114905
318 2 3 3 115552
696 2 3 3 115875
1119 2 3 3 116200
163 2 3 3 116850
153 2 3 3 117072
335 2 3 3 118080
144 2 3 3 118800
924 2 3 3 118993
100 2 3 3 119529
1014 2 3 3 120054
905 2 3 3 120196
677 2 3 3 120960
1172 2 3 3 121164
796 2 3 3 121233
1078 2 3 3 121390
395 2 3 3 121545
477 2 3 3 121828
1153 2 3 3 122400
974 2 3 3 122427
368 2 3 3 122472
491 2 3 3 122508
177 2 3 3 123300
82 2 3 3 123432
187 2 3 3 123508
362 2 3 3 123600
811 2 3 3 123806
277 2 3 3 124200
502 2 3 3 124488
881 2 3 3 124848
549 2 3 3 125132
468 2 3 3 125928
105 2 3 3 126162
149 2 3 3 126360
493 2 3 3 126600
298 2 3 3 127980
759 2 3 3 128835
1069 2 3 3 128928
1127 2 3 3 129150
889 2 3 3 129390
569 2 3 3 129744
561 2 3 3 131532
36 2 3 3 131670
152 2 3 3 131922
743 2 3 3 132840
288 2 3 3 133767
67 2 3 3 133860
1062 2 3 3 134475
926 2 3 3 134532
664 2 3 3 134680
1102 2 3 3 134750
256 2 3 3 135468
619 2 3 3 135864
980 2 3 3 135864
935 2 3 3 137088
1028 2 3 3 138000
1195 2 3 3 138320
655 2 3 3 138470
788 2 3 3 138504
311 2 3 3 138930
704 2 3 3 139314
577 2 3 3 140178
204 2 3 3 140716
246 2 3 3 140896
78 2 3 3 140940
810 2 3 3 141110
1183 2 3 3 141114
977 2 3 3 142002
397 2 3 3 142270
1101 2 3 3 142324
738 2 3 3 142968
666 2 3 3 143058
37 2 3 3 143060
725 2 3 3 143073
207 2 3 3 143250
855 2 3 3 143820
490 2 3 3 147132
996 2 3 3 147150
492 2 3 3 147400
479 2 3 3 147420
240 2 3 3 148176
868 2 3 3 148835
458 2 3 3 149112
694 2 3 3 149301
981 2 3 3 149480
275 2 3 3 149688
413 2 3 3 149850
1033 2 3 3 150696
674 2 3 3 151410
1165 2 3 3 152428
1017 2 3 3 153340
749 2 3 3 153686
579 2 3 3 154422
830 2 3 3 154512
975 2 3 3 155040
836 2 3 3 155952
607 2 3 3 157635
831 2 3 3 158340
873 2 3 3 159296
382 2 3 3 160400
547 2 3 3 160632
802 2 3 3 161100
953 2 3 3 161190
1120 2 3 3 162250
485 2 3 3 162864
272 2 3 3 163152
133 2 3 3 163296
364 2 3 3 164736
4 2 3 3 164736
336 2 3 3 164970
878 2 3 3 165600
165 2 3 3 165668
885 2 3 3 165726
90 2 3 3 167238
71 2 3 3 168204
292 2 3 3 168420
918 2 3 3 168520
183 2 3 3 170800
716 2 3 3 171112
106 2 3 3 171255
285 2 3 3 172956
299 2 3 3 173304
1134 2 3 3 174720
647 2 3 3 176400
517 2 3 3 177840
690 2 3 3 178269
865 2 3 3 179104
503 2 3 3 179699
1042 2 3 3 180096
515 2 3 3 180864
504 2 3 3 181440
912 2 3 3 182332
474 2 3 3 183480
199 2 3 3 183570
1070 2 3 3 184077
164 2 3 3 184275
753 2 3 3 186381
391 2 3 3 186576
308 2 3 3 186990
609 2 3 3 187600
686 2 3 3 187950
951 2 3 3 192510
781 2 3 3 192924
411 2 3 3 193536
1116 2 3 3 193545
665 2 3 3 193900
478 2 3 3 194376
895 2 3 3 196248
959 2 3 3 196648
1003 2 3 3 197577
597 2 3 3 199614
208 2 3 3 201474
560 2 3 3 201690
1827 2 3 3 203148
1150 2 3 3 203616
1781 2 3 3 203616
1288 2 3 3 203700
1190 2 3 3 203940
678 2 3 3 203940
2734 2 3 3 204052
809 2 3 3 204120
3043 2 3 3 205410
16 2 3 3 205542
281 2 3 3 206319
1111 2 3 3 206628
2147 2 3 3 206955
1865 2 3 3 207298
1352 2 3 3 207360
1358 2 3 3 207872
160 2 3 3 208656
1365 2 3 3 209064
2608 2 3 3 210188
297 2 3 3 211068
2415 2 3 3 211312
3099 2 3 3 211596
2689 2 3 3 211900
820 2 3 3 212058
1189 2 3 3 212176
26 2 3 3 212502
79 2 3 3 213136
2982 2 3 3 213300
1737 2 3 3 213360
20 2 3 3 213696
2909 2 3 3 214173
113 2 3 3 214438
2596 2 3 3 214890
1044 2 3 3 215424
392 2 3 3 215712
1434 2 3 3 215716
2706 2 3 3 215784
1292 2 3 3 216186
3004 2 3 3 216960
2251 2 3 3 217002
1063 2 3 3 217248
1206 2 3 3 217260
2753 2 3 3 217455
2192 2 3 3 218300
1675 2 3 3 218544
2605 2 3 3 219185
1380 2 3 3 219618
613 2 3 3 220110
1392 2 3 3 221064
2807 2 3 3 221088
2969 2 3 3 221439
496 2 3 3 221728
2020 2 3 3 224329
2584 2 3 3 225893
480 2 3 3 226476
17 2 3 3 227088
741 2 3 3 227106
2660 2 3 3 227200
902 2 3 3 227758
907 2 3 3 227856
870 2 3 3 228540
499 2 3 3 228916
1990 2 3 3 229392
2752 2 3 3 230175
185 2 3 3 230208
1378 2 3 3 230601
2805 2 3 3 230928
1966 2 3 3 231480
644 2 3 3 231840
417 2 3 3 231903
2892 2 3 3 231952
2956 2 3 3 231954
2088 2 3 3 232356
11 2 3 3 232404
1910 2 3 3 232560
1805 2 3 3 233188
826 2 3 3 234036
464 2 3 3 234038
572 2 3 3 234240
1888 2 3 3 234494
2253 2 3 3 234696
2900 2 3 3 235107
1846 2 3 3 235440
2130 2 3 3 236520
1659 2 3 3 236600
2203 2 3 3 239334
1327 2 3 3 239448
1580 2 3 3 239481
372 2 3 3 240516
2499 2 3 3 240642
238 2 3 3 240948
2639 2 3 3 241500
1886 2 3 3 241920
745 2 3 3 242039
1410 2 3 3 243445
1006 2 3 3 243808
1357 2 3 3 243972
3016 2 3 3 244188
554 2 3 3 244192
1045 2 3 3 244354
1740 2 3 3 245322
1178 2 3 3 245920
402 2 3 3 246202
999 2 3 3 246750
1143 2 3 3 247680
3095 2 3 3 247968
324 2 3 3 248297
1093 2 3 3 248769
2036 2 3 3 249280
2418 2 3 3 249744
541 2 3 3 250272
305 2 3 3 250323
197 2 3 3 250992
1389 2 3 3 251312
1889 2 3 3 251424
1503 2 3 3 251559
555 2 3 3 252492
1452 2 3 3 253368
593 2 3 3 253818
2914 2 3 3 253914
3094 2 3 3 254259
134 2 3 3 254790
1998 2 3 3 256455
2290 2 3 3 256680
245 2 3 3 256794
1770 2 3 3 257076
1594 2 3 3 257108
497 2 3 3 258000
2629 2 3 3 258264
1863 2 3 3 258804
1334 2 3 3 259246
746 2 3 3 260800
2305 2 3 3 261630
2140 2 3 3 261744
2099 2 3 3 261972
1871 2 3 3 262056
2695 2 3 3 262260
3059 2 3 3 262280
351 2 3 3 262650
600 2 3 3 263865
763 2 3 3 263898
1247 2 3 3 263976
1494 2 3 3 264420
418 2 3 3 264741
1142 2 3 3 264960
3039 2 3 3 265100
2582 2 3 3 265740
2979 2 3 3 266168
618 2 3 3 266280
1620 2 3 3 266400
2836 2 3 3 266682
733 2 3 3 266760
1251 2 3 3 266766
2680 2 3 3 267330
1301 2 3 3 268128
1581 2 3 3 268392
80 2 3 3 269990
869 2 3 3 270816
136 2 3 3 271800
688 2 3 3 272250
914 2 3 3 273700
812 2 3 3 274096
2750 2 3 3 274176
170 2 3 3 274818
2151 2 3 3 274912
1391 2 3 3 275720
739 2 3 3 278200
2200 2 3 3 278880
1759 2 3 3 279000
3072 2 3 3 279174
1690 2 3 3 279300
557 2 3 3 279594
839 2 3 3 279930
1022 2 3 3 279972
1891 2 3 3 280108
49 2 3 3 280140
0 2 3 3 280608
3091 2 3 3 283152
715 2 3 3 283725
65 2 3 3 283845
1456 2 3 3 284144
1463 2 3 3 285120
1859 2 3 3 285376
2976 2 3 3 286750
769 2 3 3 288315
2306 2 3 3 288600
1648 2 3 3 288638
498 2 3 3 288948
1900 2 3 3 289977
2989 2 3 3 291280
1776 2 3 3 292740
2641 2 3 3 293018
1031 2 3 3 293280
2112 2 3 3 294792
2267 2 3 3 295987
2735 2 3 3 297675
2916 2 3 3 297932
1587 2 3 3 299943
4036 2 3 3 300235
3578 2 3 3 301038
1307 2 3 3 301074
6268 2 3 3 301300
2737 2 3 3 301440
4930 2 3 3 301541
4594 2 3 3 301725
63 2 3 3 301924
7670 2 3 3 302148
5759 2 3 3 303044
2845 2 3 3 303232
5959 2 3 3 303646
117 2 3 3 303728
6536 2 3 3 303744
5454 2 3 3 304056
6396 2 3 3 304368
1277 2 3 3 304668
7381 2 3 3 304956
2891 2 3 3 305487
2959 2 3 3 305900
3752 2 3 3 306360
7297 2 3 3 306432
5244 2 3 3 306816
760 2 3 3 306830
2225 2 3 3 306856
5980 2 3 3 307224
340 2 3 3 308493
6467 2 3 3 308616
1574 2 3 3 309120
3998 2 3 3 309225
3519 2 3 3 310958
7390 2 3 3 311182
4520 2 3 3 311199
2025 2 3 3 311508
747 2 3 3 311577
1800 2 3 3 311580
6626 2 3 3 312488
5916 2 3 3 312732
916 2 3 3 312732
2514 2 3 3 313048
4076 2 3 3 313290
7442 2 3 3 313632
1408 2 3 3 314706
4879 2 3 3 314928
5340 2 3 3 314944
2134 2 3 3 314960
3084 2 3 3 315003
6911 2 3 3 315033
7251 2 3 3 315120
5325 2 3 3 315228
3504 2 3 3 315252
7908 2 3 3 315700
5115 2 3 3 316216
3384 2 3 3 316316
7501 2 3 3 316416
588 2 3 3 316744
5376 2 3 3 316800
3834 2 3 3 317520
1794 2 3 3 317925
654 2 3 3 317952
3058 2 3 3 318087
7392 2 3 3 318976
4754 2 3 3 321024
6279 2 3 3 321678
284 2 3 3 322320
2416 2 3 3 322524
4298 2 3 3 322920
3651 2 3 3 323190
3856 2 3 3 323474
7364 2 3 3 323736
2078 2 3 3 324171
6061 2 3 3 324890
5973 2 3 3 325470
1592 2 3 3 325680
1397 2 3 3 326325
2712 2 3 3 327484
3134 2 3 3 327877
6623 2 3 3 327888
2792 2 3 3 328104
1857 2 3 3 328200
3049 2 3 3 328446
6217 2 3 3 328944
6499 2 3 3 329280
320 2 3 3 330240
6933 2 3 3 330416
3111 2 3 3 330480
6639 2 3 3 330577
5637 2 3 3 330750
2911 2 3 3 333324
7358 2 3 3 333432
3368 2 3 3 333591
4275 2 3 3 333940
3551 2 3 3 334590
3963 2 3 3 334815
6544 2 3 3 334848
4237 2 3 3 335790
7479 2 3 3 335792
2972 2 3 3 335940
94 2 3 3 336117
1751 2 3 3 337440
6060 2 3 3 337896
3542 2 3 3 338548
921 2 3 3 339264
7173 2 3 3 339404
7906 2 3 3 340080
2342 2 3 3 341296
7910 2 3 3 341502
155 2 3 3 341532
5256 2 3 3 342798
1591 2 3 3 343244
5515 2 3 3 344284
6096 2 3 3 344646
1882 2 3 3 344850
3467 2 3 3 345625
3905 2 3 3 345873
2429 2 3 3 345948
3096 2 3 3 346032
4022 2 3 3 346752
1323 2 3 3 347270
3790 2 3 3 347553
3497 2 3 3 347988
2717 2 3 3 348000
543 2 3 3 348984
1533 2 3 3 349020
5424 2 3 3 349624
6484 2 3 3 350427
5875 2 3 3 351372
2090 2 3 3 351436
6188 2 3 3 353298
1280 2 3 3 353430
352 2 3 3 355191
4043 2 3 3 355482
1125 2 3 3 355500
4303 2 3 3 356748
4165 2 3 3 357896
143 2 3 3 357930
1989 2 3 3 358494
4163 2 3 3 358560
7440 2 3 3 362040
5866 2 3 3 362043
7399 2 3 3 362516
3626 2 3 3 362880
5321 2 3 3 363408
394 2 3 3 363660
6361 2 3 3 365160
4756 2 3 3 365490
7195 2 3 3 366282
5946 2 3 3 367416
7191 2 3 3 368424
2985 2 3 3 368632
1199 2 3 3 369600
565 2 3 3 369600
3380 2 3 3 370260
1525 2 3 3 371460
942 2 3 3 371631
7763 2 3 3 372526
7749 2 3 3 373120
592 2 3 3 374496
3984 2 3 3 374544
3371 2 3 3 374715
212 2 3 3 375732
537 2 3 3 376002
3506 2 3 3 376290
7693 2 3 3 376336
1176 2 3 3 376362
5556 2 3 3 376461
4854 2 3 3 376540
6562 2 3 3 377454
3630 2 3 3 378000
645 2 3 3 379392
3158 2 3 3 379848
3661 2 3 3 381140
7284 2 3 3 381780
1399 2 3 3 382878
3557 2 3 3 383775
5370 2 3 3 383984
2264 2 3 3 385920
3215 2 3 3 386880
3412 2 3 3 387030
2630 2 3 3 387696
4560 2 3 3 388648
1916 2 3 3 390096
1455 2 3 3 390222
5075 2 3 3 390258
5118 2 3 3 391248
857 2 3 3 392288
4802 2 3 3 392472
1294 2 3 3 393600
2187 2 3 3 393738
1162 2 3 3 394485
5120 2 3 3 395604
4110 2 3 3 395622
4481 2 3 3 395776
7548 2 3 3 395808
377 2 3 3 397386
6618 2 3 3 397743
5082 2 3 3 398266
223 2 3 3 398658
1146 2 3 3 399438
5729 2 3 3 399672
8787 2 3 3 400314
16976 2 3 3 400608
1193 2 3 3 400610
22793 2 3 3 400698
2049 2 3 3 401436
8377 2 3 3 401632
3364 2 3 3 401760
23129 2 3 3 401781
3981 2 3 3 401980
9271 2 3 3 402050
22619 2 3 3 402194
17187 2 3 3 402852
9075 2 3 3 402906
6262 2 3 3 403200
23252 2 3 3 403308
18376 2 3 3 403392
1945 2 3 3 403656
14248 2 3 3 404005
12443 2 3 3 404208
17173 2 3 3 404328
17283 2 3 3 404352
16332 2 3 3 404376
5372 2 3 3 404796
16603 2 3 3 405223
4445 2 3 3 405384
19427 2 3 3 406098
21857 2 3 3 406492
23954 2 3 3 406500
11586 2 3 3 407696
190 2 3 3 408000
13685 2 3 3 408072
12801 2 3 3 408216
6378 2 3 3 408240
8178 2 3 3 408240
10925 2 3 3 408918
11164 2 3 3 409248
8470 2 3 3 409370
8421 2 3 3 409725
1833 2 3 3 409860
20013 2 3 3 410220
687 2 3 3 410816
18583 2 3 3 411588
9650 2 3 3 412184
5966 2 3 3 412224
425 2 3 3 412830
24647 2 3 3 412832
12030 2 3 3 413007
3888 2 3 3 413067
15419 2 3 3 413721
15872 2 3 3 413960
21560 2 3 3 414252
9597 2 3 3 415350
3082 2 3 3 416232
23495 2 3 3 416640
23088 2 3 3 417100
19826 2 3 3 417360
2310 2 3 3 417410
18293 2 3 3 417632
16177 2 3 3 417789
11204 2 3 3 417897
15599 2 3 3 418564
22249 2 3 3 418653
1279 2 3 3 418959
23243 2 3 3 419679
6887 2 3 3 420360
927 2 3 3 420640
15536 2 3 3 420876
23339 2 3 3 421070
24531 2 3 3 421152
17051 2 3 3 421308
1538 2 3 3 421504
1332 2 3 3 422208
15917 2 3 3 422275
17842 2 3 3 423434
24154 2 3 3 423870
3278 2 3 3 424116
7904 2 3 3 424428
9064 2 3 3 424860
16484 2 3 3 425730
6103 2 3 3 425736
21702 2 3 3 426216
3468 2 3 3 426720
15385 2 3 3 426756
3261 2 3 3 427648
176 2 3 3 427652
10088 2 3 3 427671
6490 2 3 3 427782
8982 2 3 3 427868
16386 2 3 3 428400
8647 2 3 3 428400
8956 2 3 3 428544
17658 2 3 3 429308
2426 2 3 3 431040
13322 2 3 3 431046
9771 2 3 3 432120
16517 2 3 3 432345
19068 2 3 3 434042
12802 2 3 3 434079
22673 2 3 3 434588
3428 2 3 3 434826
19516 2 3 3 435092
24394 2 3 3 435666
2467 2 3 3 436590
11383 2 3 3 436872
6804 2 3 3 439824
11784 2 3 3 440076
10200 2 3 3 440112
3310 2 3 3 440202
3795 2 3 3 440455
10698 2 3 3 440858
11924 2 3 3 442288
19833 2 3 3 443898
22966 2 3 3 443961
13226 2 3 3 444180
7243 2 3 3 444264
17836 2 3 3 444664
6336 2 3 3 444768
13779 2 3 3 445060
14225 2 3 3 445440
2763 2 3 3 447272
19740 2 3 3 447282
20852 2 3 3 448560
3218 2 3 3 449568
15636 2 3 3 449872
18550 2 3 3 450225
21812 2 3 3 451023
20987 2 3 3 451950
7105 2 3 3 454812
3125 2 3 3 454860
22787 2 3 3 455400
19083 2 3 3 456456
21234 2 3 3 457056
3741 2 3 3 457071
21772 2 3 3 457272
18563 2 3 3 457470
21057 2 3 3 457938
4393 2 3 3 458944
9013 2 3 3 459816
1840 2 3 3 460404
11567 2 3 3 460460
11751 2 3 3 460530
10885 2 3 3 461160
707 2 3 3 461475
3451 2 3 3 461565
23821 2 3 3 461700
7646 2 3 3 462800
18071 2 3 3 462882
12769 2 3 3 462956
20611 2 3 3 463584
21969 2 3 3 465120
7833 2 3 3 465426
14711 2 3 3 465560
10802 2 3 3 466101
23324 2 3 3 466288
8672 2 3 3 469580
22423 2 3 3 471001
21107 2 3 3 471744
6274 2 3 3 471942
16249 2 3 3 474045
1191 2 3 3 474944
6687 2 3 3 475104
15033 2 3 3 476134
10061 2 3 3 476280
12721 2 3 3 476280
4711 2 3 3 476593
18039 2 3 3 476928
23884 2 3 3 476928
15999 2 3 3 477120
20331 2 3 3 478404
16520 2 3 3 479667
7839 2 3 3 479829
4065 2 3 3 480392
15225 2 3 3 480483
13133 2 3 3 480792
22018 2 3 3 481140
3760 2 3 3 481185
9263 2 3 3 482112
2408 2 3 3 484704
15190 2 3 3 485970
4281 2 3 3 486720
6835 2 3 3 486720
11837 2 3 3 487200
7974 2 3 3 487458
5666 2 3 3 489762
22478 2 3 3 490670
5468 2 3 3 490936
11434 2 3 3 491385
7842 2 3 3 491832
2552 2 3 3 492420
9259 2 3 3 493028
18139 2 3 3 493488
466 2 3 3 494500
9997 2 3 3 495838
14559 2 3 3 496496
18767 2 3 3 497376
21549 2 3 3 497664
4962 2 3 3 497664
21337 2 3 3 499950
24378 2 3 3 499950
2624 2 3 3 499950
