1077 2 3 3 100100
8 2 3 3 100116
1473 2 3 3 100224
1796 2 3 3 100352
1576 2 3 3 100492
972 2 3 3 100500
435 2 3 3 100788
375 2 3 3 100870
590 2 3 3 100926
1944 2 3 3 100956
1849 2 3 3 101185
1431 2 3 3 101475
2542 2 3 3 101520
2550 2 3 3 101814
1082 2 3 3 101840
2442 2 3 3 101851
1133 2 3 3 101990
2405 2 3 3 102000
244 2 3 3 102060
1843 2 3 3 102168
1034 2 3 3 102486
2443 2 3 3 102609
695 2 3 3 102672
711 2 3 3 102684
1921 2 3 3 102816
75 2 3 3 102816
2390 2 3 3 102920
1908 2 3 3 103220
1511 2 3 3 103509
1064 2 3 3 103726
1115 2 3 3 103752
1335 2 3 3 103800
405 2 3 3 103968
623 2 3 3 104014
995 2 3 3 104300
1083 2 3 3 104470
2529 2 3 3 104991
1454 2 3 3 105040
2144 2 3 3 105042
2733 2 3 3 105315
448 2 3 3 105462
756 2 3 3 105480
10 2 3 3 105569
1684 2 3 3 105600
737 2 3 3 105624
1582 2 3 3 105669
529 2 3 3 105728
2269 2 3 3 105754
986 2 3 3 106023
2161 2 3 3 106088
1923 2 3 3 106200
2393 2 3 3 106232
461 2 3 3 106408
224 2 3 3 106434
896 2 3 3 106470
2865 2 3 3 106582
1852 2 3 3 106596
1482 2 3 3 106653
2463 2 3 3 106656
1405 2 3 3 106820
1778 2 3 3 106920
2540 2 3 3 106920
2547 2 3 3 107136
2297 2 3 3 107163
1481 2 3 3 107184
2856 2 3 3 107352
2464 2 3 3 107486
1984 2 3 3 107590
997 2 3 3 108150
2051 2 3 3 108192
2658 2 3 3 108432
518 2 3 3 108560
635 2 3 3 109687
2196 2 3 3 109746
1259 2 3 3 109956
1286 2 3 3 110000
2612 2 3 3 110160
45 2 3 3 110160
18 2 3 3 110693
2799 2 3 3 111156
829 2 3 3 111397
2142 2 3 3 111744
2116 2 3 3 111930
259 2 3 3 111936
274 2 3 3 112288
641 2 3 3 112320
594 2 3 3 112344
598 2 3 3 112716
928 2 3 3 112911
428 2 3 3 112924
614 2 3 3 112950
2258 2 3 3 113184
1140 2 3 3 113256
1196 2 3 3 113296
44 2 3 3 113582
296 2 3 3 113712
1815 2 3 3 113784
1507 2 3 3 113841
1445 2 3 3 113880
508 2 3 3 114103
615 2 3 3 114204
939 2 3 3 114275
2589 2 3 3 114336
1903 2 3 3 114390
1793 2 3 3 114480
507 2 3 3 114597
1317 2 3 3 114800
126 2 3 3 114905
2545 2 3 3 114912
1230 2 3 3 115500
1683 2 3 3 115500
318 2 3 3 115552
696 2 3 3 115875
1298 2 3 3 115920
2400 2 3 3 115938
2454 2 3 3 116154
1119 2 3 3 116200
2237 2 3 3 116259
2334 2 3 3 116432
1479 2 3 3 116640
1850 2 3 3 116820
163 2 3 3 116850
1818 2 3 3 117000
2281 2 3 3 117038
153 2 3 3 117072
2588 2 3 3 117392
1967 2 3 3 117410
2291 2 3 3 117852
335 2 3 3 118080
2714 2 3 3 118428
2687 2 3 3 118440
144 2 3 3 118800
2729 2 3 3 118992
924 2 3 3 118993
100 2 3 3 119529
1829 2 3 3 119544
1014 2 3 3 120054
905 2 3 3 120196
2123 2 3 3 120324
2212 2 3 3 120555
2481 2 3 3 120582
2634 2 3 3 120582
677 2 3 3 120960
1172 2 3 3 121164
1329 2 3 3 121220
796 2 3 3 121233
1078 2 3 3 121390
2775 2 3 3 121404
395 2 3 3 121545
477 2 3 3 121828
1572 2 3 3 122094
1153 2 3 3 122400
974 2 3 3 122427
368 2 3 3 122472
491 2 3 3 122508
1934 2 3 3 122536
2284 2 3 3 122892
2089 2 3 3 122940
1725 2 3 3 123246
177 2 3 3 123300
82 2 3 3 123432
187 2 3 3 123508
362 2 3 3 123600
2504 2 3 3 123670
811 2 3 3 123806
277 2 3 3 124200
502 2 3 3 124488
2864 2 3 3 124490
881 2 3 3 124848
549 2 3 3 125132
2292 2 3 3 125292
1712 2 3 3 125475
2420 2 3 3 125664
2362 2 3 3 125818
2087 2 3 3 125826
2784 2 3 3 125904
468 2 3 3 125928
1741 2 3 3 125984
2028 2 3 3 126000
1986 2 3 3 126024
1244 2 3 3 126048
105 2 3 3 126162
149 2 3 3 126360
1256 2 3 3 126400
2667 2 3 3 126558
493 2 3 3 126600
1884 2 3 3 127206
2601 2 3 3 127500
298 2 3 3 127980
1875 2 3 3 128605
2309 2 3 3 128832
759 2 3 3 128835
1069 2 3 3 128928
1743 2 3 3 129024
2270 2 3 3 129060
1127 2 3 3 129150
889 2 3 3 129390
569 2 3 3 129744
2816 2 3 3 129762
2713 2 3 3 129952
2561 2 3 3 130152
2469 2 3 3 130585
2368 2 3 3 130738
1549 2 3 3 131040
2751 2 3 3 131200
1437 2 3 3 131364
2371 2 3 3 131456
561 2 3 3 131532
2010 2 3 3 131544
2688 2 3 3 131610
1609 2 3 3 131614
36 2 3 3 131670
2532 2 3 3 131760
1467 2 3 3 131805
152 2 3 3 131922
2295 2 3 3 132096
2527 2 3 3 132348
2659 2 3 3 132480
2827 2 3 3 132678
743 2 3 3 132840
1441 2 3 3 133144
288 2 3 3 133767
2671 2 3 3 133824
2761 2 3 3 133825
67 2 3 3 133860
2304 2 3 3 134160
2372 2 3 3 134285
2056 2 3 3 134352
1062 2 3 3 134475
1848 2 3 3 134520
926 2 3 3 134532
2278 2 3 3 134652
664 2 3 3 134680
1102 2 3 3 134750
1325 2 3 3 134792
1544 2 3 3 135000
1266 2 3 3 135420
1734 2 3 3 135420
1475 2 3 3 135468
256 2 3 3 135468
2678 2 3 3 135600
619 2 3 3 135864
980 2 3 3 135864
1487 2 3 3 136080
1385 2 3 3 136116
2462 2 3 3 136152
1716 2 3 3 136680
935 2 3 3 137088
1028 2 3 3 138000
2590 2 3 3 138276
1195 2 3 3 138320
1372 2 3 3 138402
655 2 3 3 138470
788 2 3 3 138504
2609 2 3 3 138516
2566 2 3 3 138880
311 2 3 3 138930
704 2 3 3 139314
1979 2 3 3 139468
577 2 3 3 140178
2811 2 3 3 140270
1787 2 3 3 140505
204 2 3 3 140716
246 2 3 3 140896
78 2 3 3 140940
810 2 3 3 141110
1183 2 3 3 141114
2515 2 3 3 141450
1262 2 3 3 141750
2758 2 3 3 141757
2246 2 3 3 141930
977 2 3 3 142002
397 2 3 3 142270
1101 2 3 3 142324
738 2 3 3 142968
666 2 3 3 143058
37 2 3 3 143060
725 2 3 3 143073
2476 2 3 3 143136
207 2 3 3 143250
1771 2 3 3 143280
2757 2 3 3 143634
1929 2 3 3 143724
855 2 3 3 143820
1932 2 3 3 143964
1384 2 3 3 144045
2042 2 3 3 144180
1931 2 3 3 144375
1688 2 3 3 145152
2169 2 3 3 145152
2599 2 3 3 145288
2103 2 3 3 145728
1810 2 3 3 146010
2852 2 3 3 146083
1474 2 3 3 146657
1742 2 3 3 146856
490 2 3 3 147132
996 2 3 3 147150
2696 2 3 3 147343
492 2 3 3 147400
479 2 3 3 147420
2075 2 3 3 147630
2677 2 3 3 148071
240 2 3 3 148176
2178 2 3 3 148234
1622 2 3 3 148260
1446 2 3 3 148764
868 2 3 3 148835
458 2 3 3 149112
1869 2 3 3 149175
694 2 3 3 149301
981 2 3 3 149480
2473 2 3 3 149568
275 2 3 3 149688
413 2 3 3 149850
2432 2 3 3 150240
2844 2 3 3 150360
2424 2 3 3 150368
1033 2 3 3 150696
1205 2 3 3 150962
2071 2 3 3 151044
2300 2 3 3 151200
674 2 3 3 151410
1801 2 3 3 151632
1694 2 3 3 151980
1448 2 3 3 152280
1165 2 3 3 152428
2413 2 3 3 152790
1219 2 3 3 153162
2162 2 3 3 153162
1017 2 3 3 153340
749 2 3 3 153686
1836 2 3 3 153695
2077 2 3 3 153718
579 2 3 3 154422
830 2 3 3 154512
1653 2 3 3 154644
2694 2 3 3 154690
2110 2 3 3 154980
975 2 3 3 155040
2682 2 3 3 155232
1468 2 3 3 155751
1465 2 3 3 155904
836 2 3 3 155952
2353 2 3 3 156384
607 2 3 3 157635
2772 2 3 3 158000
1991 2 3 3 158327
831 2 3 3 158340
2268 2 3 3 158364
1890 2 3 3 158484
2736 2 3 3 158746
2743 2 3 3 158844
1940 2 3 3 158860
1560 2 3 3 159192
873 2 3 3 159296
1306 2 3 3 159300
1617 2 3 3 159324
2685 2 3 3 159616
1959 2 3 3 159728
2776 2 3 3 159750
2607 2 3 3 159936
1917 2 3 3 160160
382 2 3 3 160400
1374 2 3 3 160608
2828 2 3 3 160623
547 2 3 3 160632
1881 2 3 3 160640
1745 2 3 3 160800
2041 2 3 3 161028
802 2 3 3 161100
953 2 3 3 161190
2622 2 3 3 161856
2149 2 3 3 161912
1120 2 3 3 162250
1396 2 3 3 162486
485 2 3 3 162864
272 2 3 3 163152
133 2 3 3 163296
2023 2 3 3 163344
1878 2 3 3 164016
364 2 3 3 164736
4 2 3 3 164736
336 2 3 3 164970
1885 2 3 3 165186
2104 2 3 3 165243
1971 2 3 3 165272
2129 2 3 3 165312
2333 2 3 3 165528
878 2 3 3 165600
165 2 3 3 165668
885 2 3 3 165726
2109 2 3 3 165792
1672 2 3 3 166336
1514 2 3 3 166536
1577 2 3 3 166579
90 2 3 3 167238
71 2 3 3 168204
1752 2 3 3 168216
292 2 3 3 168420
1492 2 3 3 168448
918 2 3 3 168520
1340 2 3 3 168672
2392 2 3 3 168960
1278 2 3 3 169200
2544 2 3 3 169242
1476 2 3 3 169728
1379 2 3 3 170520
183 2 3 3 170800
1555 2 3 3 171028
716 2 3 3 171112
106 2 3 3 171255
1729 2 3 3 171497
2614 2 3 3 171600
2615 2 3 3 171600
1789 2 3 3 171696
2617 2 3 3 172040
1499 2 3 3 172368
1632 2 3 3 172848
285 2 3 3 172956
299 2 3 3 173304
1493 2 3 3 174348
1134 2 3 3 174720
2409 2 3 3 175200
647 2 3 3 176400
2175 2 3 3 176607
2810 2 3 3 177000
2191 2 3 3 177012
2692 2 3 3 177742
517 2 3 3 177840
1596 2 3 3 178190
690 2 3 3 178269
2620 2 3 3 178350
865 2 3 3 179104
503 2 3 3 179699
1042 2 3 3 180096
515 2 3 3 180864
2644 2 3 3 180873
2288 2 3 3 181076
2260 2 3 3 181162
2603 2 3 3 181424
504 2 3 3 181440
2004 2 3 3 181800
2716 2 3 3 181920
912 2 3 3 182332
1318 2 3 3 182528
1896 2 3 3 182754
1655 2 3 3 182976
1433 2 3 3 183120
474 2 3 3 183480
2005 2 3 3 183546
199 2 3 3 183570
1835 2 3 3 183977
1070 2 3 3 184077
2223 2 3 3 184096
164 2 3 3 184275
2387 2 3 3 184500
2201 2 3 3 184785
2470 2 3 3 184800
1943 2 3 3 185472
2236 2 3 3 185976
1338 2 3 3 186120
2388 2 3 3 186300
753 2 3 3 186381
391 2 3 3 186576
1784 2 3 3 186584
308 2 3 3 186990
609 2 3 3 187600
686 2 3 3 187950
2083 2 3 3 188300
1540 2 3 3 189243
1364 2 3 3 189540
1314 2 3 3 189604
1721 2 3 3 189792
1233 2 3 3 189912
2234 2 3 3 190254
2068 2 3 3 191520
2352 2 3 3 192266
951 2 3 3 192510
2156 2 3 3 192699
781 2 3 3 192924
1221 2 3 3 193050
1241 2 3 3 193390
1564 2 3 3 193404
411 2 3 3 193536
1116 2 3 3 193545
1500 2 3 3 193752
665 2 3 3 193900
2085 2 3 3 194166
478 2 3 3 194376
1997 2 3 3 194560
895 2 3 3 196248
959 2 3 3 196648
1299 2 3 3 196680
2100 2 3 3 197560
1003 2 3 3 197577
1328 2 3 3 198772
2449 2 3 3 199168
597 2 3 3 199614
2789 2 3 3 199746
6853 2 3 3 200232
3550 2 3 3 200717
4058 2 3 3 201296
3806 2 3 3 201390
208 2 3 3 201474
560 2 3 3 201690
6918 2 3 3 201696
6110 2 3 3 201798
6950 2 3 3 201900
5252 2 3 3 202044
3418 2 3 3 202050
7404 2 3 3 202584
3956 2 3 3 202740
5020 2 3 3 202752
4309 2 3 3 202860
3423 2 3 3 203082
1827 2 3 3 203148
6457 2 3 3 203412
1150 2 3 3 203616
1781 2 3 3 203616
3734 2 3 3 203619
1288 2 3 3 203700
3983 2 3 3 203700
5762 2 3 3 203742
1190 2 3 3 203940
678 2 3 3 203940
7061 2 3 3 204000
2734 2 3 3 204052
3820 2 3 3 204120
809 2 3 3 204120
3868 2 3 3 204714
7380 2 3 3 204782
7130 2 3 3 204820
5732 2 3 3 204984
6892 2 3 3 205128
6965 2 3 3 205238
4834 2 3 3 205328
3043 2 3 3 205410
16 2 3 3 205542
5551 2 3 3 205588
281 2 3 3 206319
7149 2 3 3 206500
1111 2 3 3 206628
3419 2 3 3 206721
2147 2 3 3 206955
1865 2 3 3 207298
1352 2 3 3 207360
3479 2 3 3 207360
7294 2 3 3 207360
1358 2 3 3 207872
3972 2 3 3 208336
5474 2 3 3 208400
160 2 3 3 208656
5512 2 3 3 208692
4083 2 3 3 209001
4509 2 3 3 209056
1365 2 3 3 209064
5744 2 3 3 209070
7145 2 3 3 209408
7074 2 3 3 209715
7417 2 3 3 209841
4284 2 3 3 209880
2608 2 3 3 210188
4229 2 3 3 210192
297 2 3 3 211068
2415 2 3 3 211312
4643 2 3 3 211515
3099 2 3 3 211596
7146 2 3 3 211600
4734 2 3 3 211848
2689 2 3 3 211900
6870 2 3 3 211992
820 2 3 3 212058
5758 2 3 3 212100
1189 2 3 3 212176
6183 2 3 3 212300
26 2 3 3 212502
7011 2 3 3 212544
3617 2 3 3 212706
6379 2 3 3 212706
5588 2 3 3 212710
5671 2 3 3 213012
5528 2 3 3 213044
79 2 3 3 213136
3871 2 3 3 213144
6010 2 3 3 213227
2982 2 3 3 213300
6078 2 3 3 213309
1737 2 3 3 213360
5897 2 3 3 213594
3372 2 3 3 213605
20 2 3 3 213696
6245 2 3 3 213720
2909 2 3 3 214173
3878 2 3 3 214272
7016 2 3 3 214281
113 2 3 3 214438
4654 2 3 3 214687
3365 2 3 3 214749
2596 2 3 3 214890
5610 2 3 3 215100
3124 2 3 3 215212
6576 2 3 3 215350
1044 2 3 3 215424
5554 2 3 3 215688
392 2 3 3 215712
1434 2 3 3 215716
2706 2 3 3 215784
1292 2 3 3 216186
5802 2 3 3 216216
3276 2 3 3 216384
6086 2 3 3 216384
5794 2 3 3 216433
3255 2 3 3 216480
4340 2 3 3 216648
5851 2 3 3 216678
6727 2 3 3 216832
5007 2 3 3 216840
3004 2 3 3 216960
2251 2 3 3 217002
6100 2 3 3 217140
1063 2 3 3 217248
1206 2 3 3 217260
2753 2 3 3 217455
4579 2 3 3 217710
3777 2 3 3 217752
4125 2 3 3 217840
3285 2 3 3 217956
7269 2 3 3 218115
2192 2 3 3 218300
5819 2 3 3 218304
7163 2 3 3 218325
1675 2 3 3 218544
5488 2 3 3 218620
5987 2 3 3 218766
4688 2 3 3 218790
2605 2 3 3 219185
6102 2 3 3 219492
1380 2 3 3 219618
5336 2 3 3 219700
4798 2 3 3 219868
3326 2 3 3 219885
613 2 3 3 220110
4684 2 3 3 220298
3512 2 3 3 220320
5714 2 3 3 220500
7460 2 3 3 220608
4917 2 3 3 220740
1392 2 3 3 221064
6964 2 3 3 221076
2807 2 3 3 221088
5004 2 3 3 221325
2969 2 3 3 221439
3917 2 3 3 221616
496 2 3 3 221728
3636 2 3 3 221862
7305 2 3 3 223060
6284 2 3 3 223136
4394 2 3 3 223184
6251 2 3 3 223245
4035 2 3 3 223440
5993 2 3 3 223965
4793 2 3 3 223989
6220 2 3 3 224010
2020 2 3 3 224329
3641 2 3 3 224460
5294 2 3 3 224580
7059 2 3 3 224700
3113 2 3 3 224802
4142 2 3 3 224808
2584 2 3 3 225893
6843 2 3 3 226395
480 2 3 3 226476
7041 2 3 3 226800
5539 2 3 3 226884
7179 2 3 3 226976
17 2 3 3 227088
741 2 3 3 227106
6909 2 3 3 227136
2660 2 3 3 227200
6759 2 3 3 227205
3979 2 3 3 227264
4299 2 3 3 227268
902 2 3 3 227758
4459 2 3 3 227768
907 2 3 3 227856
4603 2 3 3 228072
5089 2 3 3 228150
4950 2 3 3 228420
870 2 3 3 228540
6466 2 3 3 228578
3289 2 3 3 228726
499 2 3 3 228916
6584 2 3 3 228933
7307 2 3 3 229160
5151 2 3 3 229372
1990 2 3 3 229392
2752 2 3 3 230175
185 2 3 3 230208
6816 2 3 3 230256
1378 2 3 3 230601
2805 2 3 3 230928
6171 2 3 3 231000
6760 2 3 3 231054
3885 2 3 3 231135
3150 2 3 3 231449
1966 2 3 3 231480
6278 2 3 3 231600
644 2 3 3 231840
417 2 3 3 231903
2892 2 3 3 231952
2956 2 3 3 231954
6298 2 3 3 232218
3464 2 3 3 232232
2088 2 3 3 232356
11 2 3 3 232404
1910 2 3 3 232560
6824 2 3 3 232562
6307 2 3 3 232848
6299 2 3 3 233132
1805 2 3 3 233188
6910 2 3 3 233220
4563 2 3 3 233376
3791 2 3 3 233856
826 2 3 3 234036
464 2 3 3 234038
572 2 3 3 234240
6355 2 3 3 234416
1888 2 3 3 234494
2253 2 3 3 234696
2900 2 3 3 235107
5675 2 3 3 235400
1846 2 3 3 235440
5415 2 3 3 235752
3416 2 3 3 235960
4933 2 3 3 235986
3599 2 3 3 236280
4412 2 3 3 236360
2130 2 3 3 236520
4230 2 3 3 236558
1659 2 3 3 236600
3680 2 3 3 236840
4198 2 3 3 236844
5514 2 3 3 237200
6197 2 3 3 238134
3279 2 3 3 238572
4318 2 3 3 238698
5702 2 3 3 238728
7477 2 3 3 239020
2203 2 3 3 239334
3835 2 3 3 239370
1327 2 3 3 239448
1580 2 3 3 239481
4014 2 3 3 239760
3604 2 3 3 240000
6667 2 3 3 240036
4057 2 3 3 240064
7171 2 3 3 240108
7451 2 3 3 240408
372 2 3 3 240516
2499 2 3 3 240642
238 2 3 3 240948
2639 2 3 3 241500
1886 2 3 3 241920
745 2 3 3 242039
6514 2 3 3 242055
3706 2 3 3 242606
6097 2 3 3 242760
4185 2 3 3 242972
5169 2 3 3 243040
4981 2 3 3 243390
1410 2 3 3 243445
1006 2 3 3 243808
1357 2 3 3 243972
3016 2 3 3 244188
554 2 3 3 244192
3952 2 3 3 244296
1045 2 3 3 244354
5665 2 3 3 244435
4507 2 3 3 244647
6800 2 3 3 244944
1740 2 3 3 245322
7202 2 3 3 245700
6967 2 3 3 245760
4333 2 3 3 245916
1178 2 3 3 245920
4912 2 3 3 246168
402 2 3 3 246202
6360 2 3 3 246240
6273 2 3 3 246492
999 2 3 3 246750
3425 2 3 3 247446
5087 2 3 3 247665
1143 2 3 3 247680
3095 2 3 3 247968
3830 2 3 3 248085
324 2 3 3 248297
3803 2 3 3 248319
5127 2 3 3 248640
3440 2 3 3 248724
1093 2 3 3 248769
5085 2 3 3 248832
2036 2 3 3 249280
3330 2 3 3 249672
2418 2 3 3 249744
4020 2 3 3 249856
7315 2 3 3 249942
4709 2 3 3 249999
4602 2 3 3 250100
541 2 3 3 250272
305 2 3 3 250323
4063 2 3 3 250660
5801 2 3 3 250698
3401 2 3 3 250920
197 2 3 3 250992
1389 2 3 3 251312
1889 2 3 3 251424
1503 2 3 3 251559
3213 2 3 3 252225
4138 2 3 3 252252
555 2 3 3 252492
7196 2 3 3 252720
1452 2 3 3 253368
6841 2 3 3 253776
593 2 3 3 253818
2914 2 3 3 253914
6675 2 3 3 254100
3094 2 3 3 254259
3548 2 3 3 254760
134 2 3 3 254790
4556 2 3 3 255360
4588 2 3 3 255430
6659 2 3 3 255558
4830 2 3 3 255672
7260 2 3 3 256032
1998 2 3 3 256455
5570 2 3 3 256620
2290 2 3 3 256680
245 2 3 3 256794
5229 2 3 3 256800
5856 2 3 3 256828
1770 2 3 3 257076
1594 2 3 3 257108
4781 2 3 3 257642
4514 2 3 3 257754
497 2 3 3 258000
3211 2 3 3 258108
2629 2 3 3 258264
3797 2 3 3 258336
7335 2 3 3 258336
1863 2 3 3 258804
5559 2 3 3 259168
1334 2 3 3 259246
3392 2 3 3 259250
7063 2 3 3 259461
6363 2 3 3 259524
6521 2 3 3 259590
4992 2 3 3 260084
3382 2 3 3 260226
5910 2 3 3 260620
6406 2 3 3 260634
3882 2 3 3 260775
746 2 3 3 260800
4757 2 3 3 261072
6751 2 3 3 261440
2305 2 3 3 261630
5250 2 3 3 261630
2140 2 3 3 261744
2099 2 3 3 261972
1871 2 3 3 262056
2695 2 3 3 262260
3059 2 3 3 262280
5453 2 3 3 262350
6448 2 3 3 262545
351 2 3 3 262650
5297 2 3 3 263088
4859 2 3 3 263250
600 2 3 3 263865
763 2 3 3 263898
5337 2 3 3 263952
1247 2 3 3 263976
1494 2 3 3 264420
418 2 3 3 264741
1142 2 3 3 264960
3039 2 3 3 265100
2582 2 3 3 265740
4003 2 3 3 266166
2979 2 3 3 266168
618 2 3 3 266280
1620 2 3 3 266400
3130 2 3 3 266664
2836 2 3 3 266682
733 2 3 3 266760
1251 2 3 3 266766
5965 2 3 3 267099
4810 2 3 3 267300
3907 2 3 3 267306
2680 2 3 3 267330
6226 2 3 3 267604
1301 2 3 3 268128
1581 2 3 3 268392
4599 2 3 3 268515
80 2 3 3 269990
7110 2 3 3 270732
869 2 3 3 270816
3165 2 3 3 270993
6573 2 3 3 271080
136 2 3 3 271800
3893 2 3 3 271800
3114 2 3 3 272128
688 2 3 3 272250
4848 2 3 3 272796
6491 2 3 3 272955
6152 2 3 3 272994
6277 2 3 3 273408
914 2 3 3 273700
5343 2 3 3 274092
812 2 3 3 274096
2750 2 3 3 274176
4975 2 3 3 274320
6787 2 3 3 274428
4666 2 3 3 274560
5303 2 3 3 274560
4405 2 3 3 274788
170 2 3 3 274818
2151 2 3 3 274912
1391 2 3 3 275720
5544 2 3 3 276930
7093 2 3 3 276969
4478 2 3 3 277106
4639 2 3 3 277290
7036 2 3 3 277722
5073 2 3 3 277864
7350 2 3 3 278168
739 2 3 3 278200
5625 2 3 3 278478
5849 2 3 3 278784
2200 2 3 3 278880
1759 2 3 3 279000
3072 2 3 3 279174
1690 2 3 3 279300
557 2 3 3 279594
3967 2 3 3 279684
839 2 3 3 279930
1022 2 3 3 279972
1891 2 3 3 280108
49 2 3 3 280140
0 2 3 3 280608
3784 2 3 3 281232
4417 2 3 3 281274
6665 2 3 3 281604
5234 2 3 3 282986
6994 2 3 3 283008
3091 2 3 3 283152
4133 2 3 3 283189
715 2 3 3 283725
65 2 3 3 283845
1456 2 3 3 284144
5985 2 3 3 284355
4156 2 3 3 284599
3583 2 3 3 284700
1463 2 3 3 285120
6280 2 3 3 285138
1859 2 3 3 285376
3465 2 3 3 285420
6001 2 3 3 285471
6739 2 3 3 285606
4217 2 3 3 286000
6795 2 3 3 286308
7043 2 3 3 286512
2976 2 3 3 286750
3409 2 3 3 286800
769 2 3 3 288315
5663 2 3 3 288408
5587 2 3 3 288540
2306 2 3 3 288600
1648 2 3 3 288638
498 2 3 3 288948
6711 2 3 3 289328
7309 2 3 3 289688
1900 2 3 3 289977
6153 2 3 3 290472
4852 2 3 3 291264
2989 2 3 3 291280
1776 2 3 3 292740
2641 2 3 3 293018
5990 2 3 3 293200
1031 2 3 3 293280
4456 2 3 3 294168
2112 2 3 3 294792
5368 2 3 3 295320
3443 2 3 3 295920
2267 2 3 3 295987
5960 2 3 3 297036
6190 2 3 3 297375
2735 2 3 3 297675
2916 2 3 3 297932
5349 2 3 3 298158
4267 2 3 3 299880
1587 2 3 3 299943
4036 2 3 3 300235
14573 2 3 3 300564
16704 2 3 3 300780
19645 2 3 3 300960
13727 2 3 3 301036
3578 2 3 3 301038
20712 2 3 3 301041
1307 2 3 3 301074
11096 2 3 3 301077
13773 2 3 3 301158
17739 2 3 3 301203
20637 2 3 3 301275
6268 2 3 3 301300
2737 2 3 3 301440
4930 2 3 3 301541
4594 2 3 3 301725
16278 2 3 3 301784
63 2 3 3 301924
14676 2 3 3 302058
7670 2 3 3 302148
8977 2 3 3 302706
14400 2 3 3 302940
5759 2 3 3 303044
2845 2 3 3 303232
10571 2 3 3 303408
5959 2 3 3 303646
117 2 3 3 303728
6536 2 3 3 303744
20794 2 3 3 303750
10624 2 3 3 303873
7946 2 3 3 303912
19565 2 3 3 304042
5454 2 3 3 304056
17832 2 3 3 304200
12547 2 3 3 304243
8608 2 3 3 304263
6396 2 3 3 304368
15899 2 3 3 304375
12125 2 3 3 304383
9898 2 3 3 304624
1277 2 3 3 304668
16200 2 3 3 304862
7381 2 3 3 304956
14716 2 3 3 304964
2891 2 3 3 305487
15213 2 3 3 305550
20898 2 3 3 305550
2959 2 3 3 305900
18990 2 3 3 306180
3752 2 3 3 306360
7297 2 3 3 306432
5244 2 3 3 306816
760 2 3 3 306830
2225 2 3 3 306856
15105 2 3 3 307146
5980 2 3 3 307224
9179 2 3 3 307260
12725 2 3 3 307524
14345 2 3 3 307800
14779 2 3 3 308400
21102 2 3 3 308484
340 2 3 3 308493
6467 2 3 3 308616
14235 2 3 3 308652
12761 2 3 3 309000
14960 2 3 3 309111
1574 2 3 3 309120
3998 2 3 3 309225
16490 2 3 3 309366
10105 2 3 3 309734
10881 2 3 3 310464
12075 2 3 3 310800
3519 2 3 3 310958
7390 2 3 3 311182
4520 2 3 3 311199
2025 2 3 3 311508
747 2 3 3 311577
1800 2 3 3 311580
18314 2 3 3 311928
15698 2 3 3 312000
14881 2 3 3 312048
9150 2 3 3 312079
8075 2 3 3 312180
20410 2 3 3 312273
18127 2 3 3 312480
6626 2 3 3 312488
5916 2 3 3 312732
916 2 3 3 312732
15507 2 3 3 312741
8432 2 3 3 312744
11554 2 3 3 312784
2514 2 3 3 313048
17576 2 3 3 313236
4076 2 3 3 313290
16643 2 3 3 313470
7442 2 3 3 313632
13710 2 3 3 313956
9255 2 3 3 314001
19658 2 3 3 314244
10447 2 3 3 314364
12389 2 3 3 314397
19956 2 3 3 314685
1408 2 3 3 314706
4879 2 3 3 314928
20012 2 3 3 314940
5340 2 3 3 314944
2134 2 3 3 314960
3084 2 3 3 315003
6911 2 3 3 315033
7251 2 3 3 315120
16891 2 3 3 315218
5325 2 3 3 315228
3504 2 3 3 315252
12397 2 3 3 315414
7908 2 3 3 315700
17013 2 3 3 315792
8947 2 3 3 315792
9609 2 3 3 315810
21055 2 3 3 315882
5115 2 3 3 316216
3384 2 3 3 316316
19091 2 3 3 316344
7501 2 3 3 316416
20005 2 3 3 316485
8607 2 3 3 316512
588 2 3 3 316744
5376 2 3 3 316800
8646 2 3 3 317015
14795 2 3 3 317226
16492 2 3 3 317460
3834 2 3 3 317520
9809 2 3 3 317724
9882 2 3 3 317812
8422 2 3 3 317889
1794 2 3 3 317925
654 2 3 3 317952
3058 2 3 3 318087
18419 2 3 3 318494
16008 2 3 3 318708
18638 2 3 3 318780
13115 2 3 3 318864
7392 2 3 3 318976
14494 2 3 3 319032
10533 2 3 3 319362
18962 2 3 3 319455
7935 2 3 3 319616
16905 2 3 3 319644
15340 2 3 3 319712
21076 2 3 3 319866
13955 2 3 3 320040
12344 2 3 3 320112
10119 2 3 3 320508
4754 2 3 3 321024
8984 2 3 3 321470
16452 2 3 3 321663
16050 2 3 3 321678
6279 2 3 3 321678
16522 2 3 3 322200
284 2 3 3 322320
2416 2 3 3 322524
11351 2 3 3 322596
4298 2 3 3 322920
3651 2 3 3 323190
19603 2 3 3 323232
3856 2 3 3 323474
7364 2 3 3 323736
15071 2 3 3 324062
2078 2 3 3 324171
16062 2 3 3 324210
13586 2 3 3 324576
17108 2 3 3 324792
18231 2 3 3 324801
6061 2 3 3 324890
8735 2 3 3 325080
15468 2 3 3 325206
13905 2 3 3 325374
5973 2 3 3 325470
1592 2 3 3 325680
1397 2 3 3 326325
10647 2 3 3 326340
20165 2 3 3 326474
15513 2 3 3 326592
9846 2 3 3 327304
11097 2 3 3 327420
2712 2 3 3 327484
3134 2 3 3 327877
6623 2 3 3 327888
2792 2 3 3 328104
1857 2 3 3 328200
3049 2 3 3 328446
6217 2 3 3 328944
6499 2 3 3 329280
11661 2 3 3 329380
19099 2 3 3 330050
17525 2 3 3 330208
320 2 3 3 330240
6933 2 3 3 330416
3111 2 3 3 330480
6639 2 3 3 330577
5637 2 3 3 330750
16003 2 3 3 331080
13749 2 3 3 331272
14368 2 3 3 331275
13559 2 3 3 331397
9913 2 3 3 331500
19335 2 3 3 332514
20083 2 3 3 332760
19769 2 3 3 332787
18217 2 3 3 332800
18330 2 3 3 332880
11875 2 3 3 332940
14006 2 3 3 333312
2911 2 3 3 333324
7358 2 3 3 333432
3368 2 3 3 333591
18589 2 3 3 333660
4275 2 3 3 333940
8765 2 3 3 334332
13117 2 3 3 334488
18952 2 3 3 334560
3551 2 3 3 334590
9351 2 3 3 334656
17274 2 3 3 334752
3963 2 3 3 334815
6544 2 3 3 334848
17909 2 3 3 334880
17972 2 3 3 335724
17218 2 3 3 335764
4237 2 3 3 335790
7479 2 3 3 335792
21129 2 3 3 335916
2972 2 3 3 335940
20261 2 3 3 335954
94 2 3 3 336117
13151 2 3 3 336420
17560 2 3 3 336428
20958 2 3 3 336490
12659 2 3 3 336750
12011 2 3 3 336776
17381 2 3 3 337176
19605 2 3 3 337322
1751 2 3 3 337440
12035 2 3 3 337823
6060 2 3 3 337896
10911 2 3 3 338100
11374 2 3 3 338400
3542 2 3 3 338548
11891 2 3 3 338580
19978 2 3 3 338664
921 2 3 3 339264
16041 2 3 3 339388
7173 2 3 3 339404
11595 2 3 3 339768
9147 2 3 3 339768
15824 2 3 3 339822
7906 2 3 3 340080
18022 2 3 3 340092
13019 2 3 3 340848
11839 2 3 3 341136
13914 2 3 3 341250
2342 2 3 3 341296
13591 2 3 3 341496
7910 2 3 3 341502
155 2 3 3 341532
17892 2 3 3 341784
16263 2 3 3 342056
11722 2 3 3 342069
11819 2 3 3 342504
15000 2 3 3 342630
14846 2 3 3 342720
5256 2 3 3 342798
18072 2 3 3 343200
1591 2 3 3 343244
9242 2 3 3 343719
5515 2 3 3 344284
16231 2 3 3 344352
17895 2 3 3 344424
6096 2 3 3 344646
14265 2 3 3 344832
1882 2 3 3 344850
14639 2 3 3 344862
20565 2 3 3 344925
16870 2 3 3 345312
3467 2 3 3 345625
3905 2 3 3 345873
2429 2 3 3 345948
3096 2 3 3 346032
20982 2 3 3 346456
4022 2 3 3 346752
17449 2 3 3 346896
18722 2 3 3 346983
18175 2 3 3 347200
1323 2 3 3 347270
3790 2 3 3 347553
19457 2 3 3 347616
3497 2 3 3 347988
2717 2 3 3 348000
16251 2 3 3 348102
543 2 3 3 348984
1533 2 3 3 349020
17202 2 3 3 349272
19111 2 3 3 349574
5424 2 3 3 349624
8584 2 3 3 349650
12021 2 3 3 349838
11311 2 3 3 349965
6484 2 3 3 350427
9700 2 3 3 351036
5875 2 3 3 351372
2090 2 3 3 351436
10702 2 3 3 351648
19696 2 3 3 351652
17733 2 3 3 351882
17793 2 3 3 352191
17150 2 3 3 352219
20325 2 3 3 352758
6188 2 3 3 353298
14974 2 3 3 353400
1280 2 3 3 353430
18383 2 3 3 353535
14850 2 3 3 353626
15734 2 3 3 353780
13960 2 3 3 354200
20460 2 3 3 354375
15178 2 3 3 354835
14691 2 3 3 354960
14172 2 3 3 355136
352 2 3 3 355191
14300 2 3 3 355200
10932 2 3 3 355365
4043 2 3 3 355482
1125 2 3 3 355500
8786 2 3 3 355572
10941 2 3 3 355914
12909 2 3 3 356178
4303 2 3 3 356748
13768 2 3 3 357225
4165 2 3 3 357896
143 2 3 3 357930
1989 2 3 3 358494
4163 2 3 3 358560
17464 2 3 3 358664
20707 2 3 3 358956
15476 2 3 3 359058
20592 2 3 3 359062
20567 2 3 3 359600
20062 2 3 3 359744
17340 2 3 3 360927
12083 2 3 3 360972
16229 2 3 3 361296
9270 2 3 3 361696
7440 2 3 3 362040
5866 2 3 3 362043
7399 2 3 3 362516
14311 2 3 3 362880
3626 2 3 3 362880
19664 2 3 3 363216
5321 2 3 3 363408
394 2 3 3 363660
12903 2 3 3 363834
9693 2 3 3 364518
8588 2 3 3 364869
19421 2 3 3 365040
6361 2 3 3 365160
15069 2 3 3 365310
4756 2 3 3 365490
9376 2 3 3 365490
12710 2 3 3 365750
18363 2 3 3 366124
7195 2 3 3 366282
13903 2 3 3 366450
15175 2 3 3 367286
5946 2 3 3 367416
9697 2 3 3 367873
18560 2 3 3 368250
7191 2 3 3 368424
8092 2 3 3 368550
10699 2 3 3 368632
2985 2 3 3 368632
14083 2 3 3 368676
16076 2 3 3 369352
1199 2 3 3 369600
565 2 3 3 369600
3380 2 3 3 370260
9631 2 3 3 370260
12146 2 3 3 370563
16061 2 3 3 370600
1525 2 3 3 371460
12811 2 3 3 371508
942 2 3 3 371631
11205 2 3 3 371840
12078 2 3 3 372231
14792 2 3 3 372240
7763 2 3 3 372526
19330 2 3 3 372640
20470 2 3 3 372654
16442 2 3 3 372732
19364 2 3 3 372762
7749 2 3 3 373120
15029 2 3 3 373184
592 2 3 3 374496
3984 2 3 3 374544
3371 2 3 3 374715
17192 2 3 3 375360
212 2 3 3 375732
10123 2 3 3 375870
537 2 3 3 376002
3506 2 3 3 376290
18750 2 3 3 376320
7693 2 3 3 376336
1176 2 3 3 376362
5556 2 3 3 376461
4854 2 3 3 376540
13052 2 3 3 376565
15184 2 3 3 376707
17789 2 3 3 376752
11259 2 3 3 377420
6562 2 3 3 377454
10309 2 3 3 377690
12287 2 3 3 377844
3630 2 3 3 378000
13714 2 3 3 378028
13991 2 3 3 378189
9907 2 3 3 379323
645 2 3 3 379392
3158 2 3 3 379848
8161 2 3 3 380304
3661 2 3 3 381140
20714 2 3 3 381150
11725 2 3 3 381250
11851 2 3 3 381500
7284 2 3 3 381780
12741 2 3 3 382520
11181 2 3 3 382875
1399 2 3 3 382878
18007 2 3 3 382956
12740 2 3 3 383079
20396 2 3 3 383750
3557 2 3 3 383775
8315 2 3 3 383778
13832 2 3 3 383940
5370 2 3 3 383984
8764 2 3 3 384075
21137 2 3 3 384504
13235 2 3 3 384750
12405 2 3 3 385056
13739 2 3 3 385056
10842 2 3 3 385320
17334 2 3 3 385920
2264 2 3 3 385920
14157 2 3 3 386716
17916 2 3 3 386820
3215 2 3 3 386880
3412 2 3 3 387030
18122 2 3 3 387648
2630 2 3 3 387696
20703 2 3 3 388136
4560 2 3 3 388648
11274 2 3 3 388773
17723 2 3 3 389025
8629 2 3 3 389664
20492 2 3 3 389784
10083 2 3 3 389844
1916 2 3 3 390096
9793 2 3 3 390108
1455 2 3 3 390222
5075 2 3 3 390258
20207 2 3 3 390915
20096 2 3 3 391248
5118 2 3 3 391248
12251 2 3 3 391476
10367 2 3 3 391608
16425 2 3 3 392000
12113 2 3 3 392265
857 2 3 3 392288
4802 2 3 3 392472
1294 2 3 3 393600
2187 2 3 3 393738
18960 2 3 3 394128
1162 2 3 3 394485
13529 2 3 3 394581
10271 2 3 3 395136
11662 2 3 3 395280
17984 2 3 3 395415
5120 2 3 3 395604
4110 2 3 3 395622
4481 2 3 3 395776
7548 2 3 3 395808
17266 2 3 3 396144
8513 2 3 3 396756
9864 2 3 3 397082
377 2 3 3 397386
6618 2 3 3 397743
11864 2 3 3 398088
16086 2 3 3 398152
5082 2 3 3 398266
19728 2 3 3 398351
223 2 3 3 398658
1146 2 3 3 399438
5729 2 3 3 399672
29330 2 3 3 400040
35813 2 3 3 400176
8787 2 3 3 400314
25821 2 3 3 400400
38396 2 3 3 400512
16976 2 3 3 400608
61139 2 3 3 400608
1193 2 3 3 400610
22793 2 3 3 400698
34539 2 3 3 400725
60689 2 3 3 400752
41989 2 3 3 401112
37594 2 3 3 401316
2049 2 3 3 401436
8377 2 3 3 401632
3364 2 3 3 401760
48248 2 3 3 401760
23129 2 3 3 401781
3981 2 3 3 401980
29605 2 3 3 402050
9271 2 3 3 402050
37830 2 3 3 402144
57310 2 3 3 402144
32794 2 3 3 402192
22619 2 3 3 402194
46372 2 3 3 402204
28401 2 3 3 402237
50855 2 3 3 402592
40671 2 3 3 402696
39640 2 3 3 402750
17187 2 3 3 402852
9075 2 3 3 402906
42570 2 3 3 403200
6262 2 3 3 403200
23252 2 3 3 403308
18376 2 3 3 403392
61002 2 3 3 403481
31717 2 3 3 403560
1945 2 3 3 403656
14248 2 3 3 404005
26360 2 3 3 404115
35372 2 3 3 404118
12443 2 3 3 404208
17173 2 3 3 404328
17283 2 3 3 404352
16332 2 3 3 404376
57552 2 3 3 404790
5372 2 3 3 404796
34193 2 3 3 404876
49558 2 3 3 404982
64638 2 3 3 405000
16603 2 3 3 405223
4445 2 3 3 405384
56683 2 3 3 405720
46041 2 3 3 405834
34372 2 3 3 406080
19427 2 3 3 406098
28235 2 3 3 406146
28537 2 3 3 406210
63859 2 3 3 406215
53689 2 3 3 406224
21857 2 3 3 406492
23954 2 3 3 406500
43602 2 3 3 406500
35167 2 3 3 406560
27088 2 3 3 406756
48751 2 3 3 406888
43915 2 3 3 406890
35862 2 3 3 407160
43748 2 3 3 407208
11586 2 3 3 407696
39824 2 3 3 407820
190 2 3 3 408000
48665 2 3 3 408000
13685 2 3 3 408072
12801 2 3 3 408216
6378 2 3 3 408240
8178 2 3 3 408240
36687 2 3 3 408342
57020 2 3 3 408500
33615 2 3 3 408549
54383 2 3 3 408660
43796 2 3 3 408726
53185 2 3 3 408852
10925 2 3 3 408918
35284 2 3 3 409062
11164 2 3 3 409248
51648 2 3 3 409262
30847 2 3 3 409344
8470 2 3 3 409370
8421 2 3 3 409725
1833 2 3 3 409860
53129 2 3 3 410130
20013 2 3 3 410220
38485 2 3 3 410332
32621 2 3 3 410670
51166 2 3 3 410712
687 2 3 3 410816
18583 2 3 3 411588
57478 2 3 3 411765
25574 2 3 3 411810
59802 2 3 3 412002
9650 2 3 3 412184
54726 2 3 3 412217
5966 2 3 3 412224
29875 2 3 3 412286
52384 2 3 3 412776
35515 2 3 3 412800
425 2 3 3 412830
24647 2 3 3 412832
61258 2 3 3 412846
34025 2 3 3 412852
40675 2 3 3 412920
12030 2 3 3 413007
3888 2 3 3 413067
60708 2 3 3 413136
63329 2 3 3 413136
36417 2 3 3 413250
63090 2 3 3 413574
15419 2 3 3 413721
26218 2 3 3 413766
15872 2 3 3 413960
28637 2 3 3 414120
21560 2 3 3 414252
37038 2 3 3 414279
59407 2 3 3 414288
46772 2 3 3 414540
56493 2 3 3 414540
45347 2 3 3 414960
9597 2 3 3 415350
48146 2 3 3 415360
46826 2 3 3 415361
42929 2 3 3 415767
25216 2 3 3 415800
38208 2 3 3 415800
3082 2 3 3 416232
47185 2 3 3 416442
55652 2 3 3 416472
23495 2 3 3 416640
32064 2 3 3 416900
23088 2 3 3 417100
41341 2 3 3 417118
32740 2 3 3 417240
19826 2 3 3 417360
2310 2 3 3 417410
18293 2 3 3 417632
16177 2 3 3 417789
40279 2 3 3 417837
11204 2 3 3 417897
36557 2 3 3 417900
52522 2 3 3 417942
64637 2 3 3 418392
15599 2 3 3 418564
53470 2 3 3 418608
22249 2 3 3 418653
40037 2 3 3 418692
51780 2 3 3 418818
30673 2 3 3 418897
1279 2 3 3 418959
31133 2 3 3 419475
38668 2 3 3 419640
23243 2 3 3 419679
58455 2 3 3 419976
52723 2 3 3 420147
6887 2 3 3 420360
927 2 3 3 420640
45318 2 3 3 420656
15536 2 3 3 420876
46028 2 3 3 421008
64493 2 3 3 421050
23339 2 3 3 421070
24531 2 3 3 421152
17051 2 3 3 421308
53425 2 3 3 421500
1538 2 3 3 421504
40657 2 3 3 421740
61876 2 3 3 421920
61371 2 3 3 421947
49835 2 3 3 422148
1332 2 3 3 422208
15917 2 3 3 422275
59048 2 3 3 422280
64842 2 3 3 422334
34432 2 3 3 422688
60901 2 3 3 422808
38479 2 3 3 423144
17842 2 3 3 423434
24154 2 3 3 423870
3278 2 3 3 424116
7904 2 3 3 424428
57726 2 3 3 424728
9064 2 3 3 424860
53917 2 3 3 425040
57778 2 3 3 425040
43919 2 3 3 425334
16484 2 3 3 425730
6103 2 3 3 425736
45632 2 3 3 426132
21702 2 3 3 426216
37990 2 3 3 426408
58428 2 3 3 426474
41769 2 3 3 426537
37023 2 3 3 426564
3468 2 3 3 426720
15385 2 3 3 426756
53293 2 3 3 426870
33967 2 3 3 427056
49626 2 3 3 427392
33718 2 3 3 427570
3261 2 3 3 427648
176 2 3 3 427652
10088 2 3 3 427671
6490 2 3 3 427782
8982 2 3 3 427868
59430 2 3 3 428128
16386 2 3 3 428400
8647 2 3 3 428400
35211 2 3 3 428505
8956 2 3 3 428544
58223 2 3 3 428853
17658 2 3 3 429308
31791 2 3 3 429324
28889 2 3 3 429516
39470 2 3 3 429750
45922 2 3 3 429840
41793 2 3 3 429885
38612 2 3 3 430122
43690 2 3 3 430218
50428 2 3 3 430236
2426 2 3 3 431040
13322 2 3 3 431046
25515 2 3 3 431208
9771 2 3 3 432120
16517 2 3 3 432345
28503 2 3 3 433136
50871 2 3 3 433152
32457 2 3 3 433359
19068 2 3 3 434042
12802 2 3 3 434079
39830 2 3 3 434172
22673 2 3 3 434588
3428 2 3 3 434826
29410 2 3 3 434910
57910 2 3 3 434943
35653 2 3 3 434985
19516 2 3 3 435092
61859 2 3 3 435240
24394 2 3 3 435666
2467 2 3 3 436590
11383 2 3 3 436872
33796 2 3 3 436954
59582 2 3 3 436968
40872 2 3 3 437660
54391 2 3 3 437892
55762 2 3 3 438216
60882 2 3 3 439331
42240 2 3 3 439587
44232 2 3 3 439674
6804 2 3 3 439824
49006 2 3 3 439920
11784 2 3 3 440076
10200 2 3 3 440112
3310 2 3 3 440202
62865 2 3 3 440241
37210 2 3 3 440370
3795 2 3 3 440455
29430 2 3 3 440640
63724 2 3 3 440640
10698 2 3 3 440858
42154 2 3 3 441222
64347 2 3 3 441945
11924 2 3 3 442288
28872 2 3 3 442380
62411 2 3 3 443112
25312 2 3 3 443300
29483 2 3 3 443300
61699 2 3 3 443622
19833 2 3 3 443898
39794 2 3 3 443940
22966 2 3 3 443961
13226 2 3 3 444180
7243 2 3 3 444264
60676 2 3 3 444290
36445 2 3 3 444312
39040 2 3 3 444432
46141 2 3 3 444636
17836 2 3 3 444664
6336 2 3 3 444768
13779 2 3 3 445060
39809 2 3 3 445230
31897 2 3 3 445332
14225 2 3 3 445440
60724 2 3 3 445500
58622 2 3 3 445740
56892 2 3 3 445760
50235 2 3 3 446463
42250 2 3 3 446614
27121 2 3 3 446970
2763 2 3 3 447272
19740 2 3 3 447282
26937 2 3 3 448462
20852 2 3 3 448560
43268 2 3 3 448720
55163 2 3 3 448740
38656 2 3 3 448800
37688 2 3 3 448875
51262 2 3 3 449280
3218 2 3 3 449568
61106 2 3 3 449856
32987 2 3 3 449865
15636 2 3 3 449872
54052 2 3 3 450048
26287 2 3 3 450162
41924 2 3 3 450180
18550 2 3 3 450225
41531 2 3 3 450408
42429 2 3 3 450450
56146 2 3 3 450536
21812 2 3 3 451023
51435 2 3 3 451440
41249 2 3 3 451764
20987 2 3 3 451950
36058 2 3 3 452628
52052 2 3 3 453123
47510 2 3 3 453750
60261 2 3 3 453951
34994 2 3 3 454005
46412 2 3 3 454167
34532 2 3 3 454812
7105 2 3 3 454812
3125 2 3 3 454860
28165 2 3 3 454896
31432 2 3 3 455040
60964 2 3 3 455392
22787 2 3 3 455400
49846 2 3 3 455589
47256 2 3 3 455670
40217 2 3 3 455700
51799 2 3 3 455793
51174 2 3 3 455952
25180 2 3 3 456237
19083 2 3 3 456456
25375 2 3 3 456456
47310 2 3 3 456807
44483 2 3 3 457011
21234 2 3 3 457056
3741 2 3 3 457071
37383 2 3 3 457104
21772 2 3 3 457272
35450 2 3 3 457380
18563 2 3 3 457470
63960 2 3 3 457692
21057 2 3 3 457938
58289 2 3 3 457938
39917 2 3 3 458282
45779 2 3 3 458660
57563 2 3 3 458712
4393 2 3 3 458944
43985 2 3 3 459096
27659 2 3 3 459186
42140 2 3 3 459675
9013 2 3 3 459816
1840 2 3 3 460404
11567 2 3 3 460460
11751 2 3 3 460530
62965 2 3 3 460782
26835 2 3 3 460902
10885 2 3 3 461160
33306 2 3 3 461205
707 2 3 3 461475
58002 2 3 3 461500
3451 2 3 3 461565
23821 2 3 3 461700
48393 2 3 3 462396
7646 2 3 3 462800
18071 2 3 3 462882
12769 2 3 3 462956
62164 2 3 3 463386
20611 2 3 3 463584
60602 2 3 3 463608
33731 2 3 3 464211
62449 2 3 3 464400
25563 2 3 3 464416
52615 2 3 3 464752
60025 2 3 3 464880
21969 2 3 3 465120
7833 2 3 3 465426
55219 2 3 3 465468
54992 2 3 3 465516
14711 2 3 3 465560
10802 2 3 3 466101
23324 2 3 3 466288
27550 2 3 3 466378
53905 2 3 3 466440
28186 2 3 3 466560
50616 2 3 3 466590
28718 2 3 3 466860
32578 2 3 3 466950
49189 2 3 3 467784
55772 2 3 3 467976
38053 2 3 3 467997
8672 2 3 3 469580
40521 2 3 3 469800
25009 2 3 3 470592
57312 2 3 3 470800
35648 2 3 3 470940
22423 2 3 3 471001
44644 2 3 3 471086
21107 2 3 3 471744
6274 2 3 3 471942
55184 2 3 3 472590
62038 2 3 3 473256
29463 2 3 3 474012
16249 2 3 3 474045
51070 2 3 3 474512
49268 2 3 3 474594
1191 2 3 3 474944
55145 2 3 3 475080
6687 2 3 3 475104
31998 2 3 3 475272
62775 2 3 3 475278
30985 2 3 3 475782
42601 2 3 3 476034
15033 2 3 3 476134
48850 2 3 3 476168
10061 2 3 3 476280
12721 2 3 3 476280
4711 2 3 3 476593
18039 2 3 3 476928
23884 2 3 3 476928
15999 2 3 3 477120
53166 2 3 3 478116
20331 2 3 3 478404
40696 2 3 3 478920
58553 2 3 3 479520
27329 2 3 3 479550
16520 2 3 3 479667
7839 2 3 3 479829
29730 2 3 3 479880
4065 2 3 3 480392
15225 2 3 3 480483
13133 2 3 3 480792
38468 2 3 3 480816
54402 2 3 3 480848
22018 2 3 3 481140
3760 2 3 3 481185
32668 2 3 3 481404
37433 2 3 3 481425
51334 2 3 3 481580
9263 2 3 3 482112
52124 2 3 3 482562
58344 2 3 3 482864
42904 2 3 3 482868
64226 2 3 3 483336
50378 2 3 3 483840
63614 2 3 3 484380
2408 2 3 3 484704
38865 2 3 3 484848
46515 2 3 3 485496
57676 2 3 3 485586
15190 2 3 3 485970
44860 2 3 3 486170
63386 2 3 3 486640
4281 2 3 3 486720
6835 2 3 3 486720
41577 2 3 3 487134
11837 2 3 3 487200
7974 2 3 3 487458
62524 2 3 3 487512
39094 2 3 3 488022
5666 2 3 3 489762
39543 2 3 3 489873
22478 2 3 3 490670
27405 2 3 3 490824
5468 2 3 3 490936
11434 2 3 3 491385
50245 2 3 3 491392
36000 2 3 3 491608
7842 2 3 3 491832
2552 2 3 3 492420
9259 2 3 3 493028
18139 2 3 3 493488
63867 2 3 3 493812
41790 2 3 3 493935
41736 2 3 3 494424
466 2 3 3 494500
47033 2 3 3 494982
9997 2 3 3 495838
62364 2 3 3 496001
43348 2 3 3 496107
14559 2 3 3 496496
50167 2 3 3 496800
18767 2 3 3 497376
21549 2 3 3 497664
4962 2 3 3 497664
33184 2 3 3 498240
30303 2 3 3 498771
21337 2 3 3 499950
24378 2 3 3 499950
2624 2 3 3 499950
