175 2 4 3 103063
148 2 4 3 103775
62 2 4 3 103918
84 2 4 3 106943
4 2 4 3 107679
169 2 4 3 107690
102 2 4 3 107984
75 2 4 3 108697
138 2 4 3 110772
35 2 4 3 111033
184 2 4 3 111073
86 2 4 3 111866
180 2 4 3 113037
100 2 4 3 114925
42 2 4 3 118106
146 2 4 3 118783
89 2 4 3 122670
127 2 4 3 123708
10 2 4 3 124047
12 2 4 3 124191
70 2 4 3 129882
168 2 4 3 134632
157 2 4 3 136810
145 2 4 3 138898
71 2 4 3 139185
189 2 4 3 139390
18 2 4 3 141230
106 2 4 3 142815
192 2 4 3 144621
154 2 4 3 145049
3 2 4 3 149568
33 2 4 3 151242
83 2 4 3 151792
152 2 4 3 152819
72 2 4 3 152883
147 2 4 3 159150
161 2 4 3 161967
0 2 4 3 162920
191 2 4 3 168222
186 2 4 3 175399
108 2 4 3 175473
166 2 4 3 178620
132 2 4 3 179064
19 2 4 3 179858
179 2 4 3 181058
16 2 4 3 185172
137 2 4 3 192294
101 2 4 3 196758
11 2 4 3 197591
119 2 4 3 197893
26 2 4 3 201360
338 2 4 3 201550
300 2 4 3 202941
53 2 4 3 203464
14 2 4 3 204629
259 2 4 3 207757
343 2 4 3 211056
111 2 4 3 213340
267 2 4 3 213598
123 2 4 3 216518
130 2 4 3 218258
163 2 4 3 227095
165 2 4 3 230116
292 2 4 3 231495
103 2 4 3 233932
49 2 4 3 235699
181 2 4 3 237488
295 2 4 3 238412
240 2 4 3 238727
7 2 4 3 239877
69 2 4 3 243880
8 2 4 3 246240
221 2 4 3 247472
52 2 4 3 247704
134 2 4 3 251334
274 2 4 3 253344
38 2 4 3 254623
220 2 4 3 254670
266 2 4 3 254963
121 2 4 3 256439
20 2 4 3 258528
124 2 4 3 258653
346 2 4 3 258753
213 2 4 3 258922
131 2 4 3 261861
297 2 4 3 264195
58 2 4 3 265824
177 2 4 3 267045
182 2 4 3 267832
237 2 4 3 271344
153 2 4 3 271818
330 2 4 3 272485
203 2 4 3 281744
113 2 4 3 284855
200 2 4 3 285859
142 2 4 3 290488
296 2 4 3 291288
66 2 4 3 292113
172 2 4 3 294532
201 2 4 3 296265
506 2 4 3 302382
60 2 4 3 302757
176 2 4 3 304647
269 2 4 3 305222
496 2 4 3 307272
173 2 4 3 308640
520 2 4 3 313681
342 2 4 3 315468
313 2 4 3 315600
543 2 4 3 318906
345 2 4 3 321330
249 2 4 3 324144
512 2 4 3 325833
324 2 4 3 326394
280 2 4 3 327434
304 2 4 3 327985
464 2 4 3 328772
21 2 4 3 329426
170 2 4 3 329694
529 2 4 3 330528
136 2 4 3 330574
34 2 4 3 333200
17 2 4 3 336292
5 2 4 3 337438
387 2 4 3 341304
557 2 4 3 344220
46 2 4 3 348632
208 2 4 3 351383
226 2 4 3 352118
366 2 4 3 355045
242 2 4 3 356452
105 2 4 3 357284
548 2 4 3 358288
395 2 4 3 360007
80 2 4 3 363448
183 2 4 3 366264
40 2 4 3 368004
299 2 4 3 370515
261 2 4 3 371044
504 2 4 3 373345
493 2 4 3 373566
352 2 4 3 376120
126 2 4 3 376715
513 2 4 3 378105
229 2 4 3 378446
164 2 4 3 382500
188 2 4 3 383203
441 2 4 3 385628
206 2 4 3 392829
245 2 4 3 394035
112 2 4 3 400068
935 2 4 3 401231
118 2 4 3 401597
792 2 4 3 402620
644 2 4 3 402876
563 2 4 3 404171
27 2 4 3 407178
401 2 4 3 409266
247 2 4 3 409552
190 2 4 3 414200
120 2 4 3 416223
804 2 4 3 418353
540 2 4 3 419595
894 2 4 3 421730
613 2 4 3 423488
277 2 4 3 426600
565 2 4 3 427130
716 2 4 3 427876
728 2 4 3 428461
915 2 4 3 429972
424 2 4 3 430665
432 2 4 3 433258
749 2 4 3 435049
65 2 4 3 435616
355 2 4 3 436614
811 2 4 3 439941
216 2 4 3 441090
746 2 4 3 441600
234 2 4 3 441621
588 2 4 3 445248
576 2 4 3 445579
808 2 4 3 447330
231 2 4 3 448441
396 2 4 3 449256
497 2 4 3 451998
24 2 4 3 453320
340 2 4 3 455887
403 2 4 3 461448
407 2 4 3 467642
408 2 4 3 471672
41 2 4 3 474627
533 2 4 3 477414
812 2 4 3 478089
413 2 4 3 482382
815 2 4 3 482690
430 2 4 3 484608
155 2 4 3 487464
329 2 4 3 488602
885 2 4 3 491271
782 2 4 3 492435
1043 2 4 3 500790
1647 2 4 3 502761
351 2 4 3 502906
1193 2 4 3 504354
907 2 4 3 505499
29 2 4 3 508280
747 2 4 3 509556
1246 2 4 3 510815
633 2 4 3 511125
429 2 4 3 511700
753 2 4 3 513328
1429 2 4 3 515911
1179 2 4 3 516361
202 2 4 3 516531
94 2 4 3 517251
1007 2 4 3 518148
816 2 4 3 520496
1178 2 4 3 523174
1307 2 4 3 531303
781 2 4 3 531768
831 2 4 3 532615
187 2 4 3 535328
609 2 4 3 535736
517 2 4 3 536468
67 2 4 3 538425
197 2 4 3 543489
1589 2 4 3 543986
577 2 4 3 551357
1232 2 4 3 559268
1125 2 4 3 560481
151 2 4 3 561024
999 2 4 3 564586
1016 2 4 3 565212
1137 2 4 3 567166
128 2 4 3 569146
634 2 4 3 574580
117 2 4 3 578483
1389 2 4 3 578586
350 2 4 3 580464
91 2 4 3 581081
819 2 4 3 582154
63 2 4 3 584314
397 2 4 3 585544
392 2 4 3 586960
594 2 4 3 587835
1486 2 4 3 588571
906 2 4 3 592340
567 2 4 3 593651
223 2 4 3 594821
559 2 4 3 598728
281 2 4 3 601677
3844 2 4 3 602688
1852 2 4 3 605745
2972 2 4 3 609996
1894 2 4 3 613410
1754 2 4 3 613534
745 2 4 3 615667
2620 2 4 3 616581
3590 2 4 3 617262
4820 2 4 3 618337
4608 2 4 3 619288
4544 2 4 3 619579
2429 2 4 3 619699
3885 2 4 3 619716
1 2 4 3 620238
275 2 4 3 622129
3092 2 4 3 622830
4115 2 4 3 622854
2918 2 4 3 624954
2624 2 4 3 631800
4155 2 4 3 634962
3401 2 4 3 638960
2426 2 4 3 640966
2240 2 4 3 641354
4436 2 4 3 642517
4300 2 4 3 643718
4074 2 4 3 644304
4247 2 4 3 647640
4054 2 4 3 649048
2342 2 4 3 651380
3760 2 4 3 651962
3162 2 4 3 653240
1695 2 4 3 654349
2636 2 4 3 661310
4607 2 4 3 661474
2587 2 4 3 662897
4344 2 4 3 667019
3330 2 4 3 669458
2932 2 4 3 670593
2432 2 4 3 672000
1737 2 4 3 672315
4558 2 4 3 675090
4564 2 4 3 675414
4190 2 4 3 675905
4505 2 4 3 676479
1871 2 4 3 678661
1438 2 4 3 679176
3158 2 4 3 691384
579 2 4 3 693528
1063 2 4 3 694891
8614 2 4 3 700966
7675 2 4 3 700969
1998 2 4 3 701302
2039 2 4 3 706108
5382 2 4 3 706978
6397 2 4 3 707639
3767 2 4 3 708320
566 2 4 3 710024
3967 2 4 3 710493
8377 2 4 3 712040
499 2 4 3 712726
3862 2 4 3 714763
741 2 4 3 721286
2518 2 4 3 723660
4751 2 4 3 725628
3975 2 4 3 726471
4442 2 4 3 728343
3030 2 4 3 730243
6974 2 4 3 733047
1669 2 4 3 734544
912 2 4 3 734585
555 2 4 3 735396
7179 2 4 3 739868
3066 2 4 3 742951
4521 2 4 3 751140
4557 2 4 3 751230
5393 2 4 3 752664
7916 2 4 3 753032
2713 2 4 3 755650
8416 2 4 3 756178
73 2 4 3 756472
43 2 4 3 757486
8267 2 4 3 757519
6541 2 4 3 760898
1443 2 4 3 762652
7499 2 4 3 762696
7703 2 4 3 765877
1638 2 4 3 770149
4624 2 4 3 770313
4688 2 4 3 772196
760 2 4 3 774171
2443 2 4 3 783249
2179 2 4 3 783726
6639 2 4 3 784368
8476 2 4 3 784702
914 2 4 3 788316
993 2 4 3 797917
8537 2 4 3 798503
1532 2 4 3 799297
1176 2 4 3 799964
3765 2 4 3 804156
2915 2 4 3 804718
10197 2 4 3 805207
4290 2 4 3 807978
9131 2 4 3 808012
6001 2 4 3 810018
7283 2 4 3 810495
14565 2 4 3 810937
13938 2 4 3 811959
15175 2 4 3 815454
3245 2 4 3 817396
3214 2 4 3 819380
8639 2 4 3 824018
2618 2 4 3 826141
2588 2 4 3 827010
13411 2 4 3 827610
8276 2 4 3 830133
11565 2 4 3 831271
13134 2 4 3 831555
13936 2 4 3 833026
13909 2 4 3 834843
6274 2 4 3 837510
5026 2 4 3 837731
527 2 4 3 839070
7962 2 4 3 842154
6003 2 4 3 843063
15105 2 4 3 844877
3334 2 4 3 846828
14920 2 4 3 848956
14950 2 4 3 849123
8673 2 4 3 849180
3058 2 4 3 850840
14792 2 4 3 852540
12980 2 4 3 854383
3668 2 4 3 862532
8669 2 4 3 864084
2019 2 4 3 865504
4836 2 4 3 866089
11442 2 4 3 869196
15504 2 4 3 870706
12721 2 4 3 872538
9309 2 4 3 873000
14972 2 4 3 875787
12383 2 4 3 879630
7116 2 4 3 880872
3772 2 4 3 887300
6193 2 4 3 889420
11087 2 4 3 894073
8822 2 4 3 894924
16080 2 4 3 899892
28718 2 4 3 902624
7896 2 4 3 903906
53436 2 4 3 904685
17989 2 4 3 905450
46738 2 4 3 907309
30803 2 4 3 909880
8672 2 4 3 910891
3036 2 4 3 914467
52513 2 4 3 914630
17276 2 4 3 914826
26459 2 4 3 915362
35488 2 4 3 916677
21915 2 4 3 917670
38786 2 4 3 918435
49441 2 4 3 918456
7547 2 4 3 918708
48064 2 4 3 920142
5921 2 4 3 922891
50160 2 4 3 923436
3371 2 4 3 923687
4166 2 4 3 925168
2294 2 4 3 932016
21896 2 4 3 934721
17649 2 4 3 934728
24018 2 4 3 935264
52142 2 4 3 936200
19627 2 4 3 937864
37750 2 4 3 938388
4573 2 4 3 939392
22374 2 4 3 939597
23468 2 4 3 941268
27412 2 4 3 941307
47508 2 4 3 947258
34457 2 4 3 948864
45839 2 4 3 949168
29899 2 4 3 951168
36975 2 4 3 957307
48100 2 4 3 958810
4424 2 4 3 959842
21709 2 4 3 960599
39830 2 4 3 960772
30462 2 4 3 960932
7451 2 4 3 969058
24674 2 4 3 969552
4597 2 4 3 970377
15900 2 4 3 972360
6955 2 4 3 981825
8146 2 4 3 981975
4935 2 4 3 986230
17695 2 4 3 993024
37247 2 4 3 1000779
91432 2 4 3 1001388
71854 2 4 3 1001799
15393 2 4 3 1004622
69997 2 4 3 1007135
18217 2 4 3 1007808
6299 2 4 3 1013095
75344 2 4 3 1013716
17173 2 4 3 1016514
33467 2 4 3 1017704
47229 2 4 3 1017840
63123 2 4 3 1020666
5749 2 4 3 1023234
79001 2 4 3 1024514
23821 2 4 3 1025802
306 2 5 3 1025887
80871 2 4 3 1026441
40938 2 4 3 1030280
11842 2 4 3 1031664
770 2 5 3 1032152
80748 2 4 3 1032403
80896 2 4 3 1032489
97326 2 4 3 1032938
22170 2 4 3 1034655
2299 2 4 3 1035136
96239 2 4 3 1039743
59633 2 4 3 1041310
40021 2 4 3 1041600
1402 2 4 3 1042413
1067 2 5 3 1042716
66134 2 4 3 1043784
91866 2 4 3 1051134
70582 2 4 3 1053213
69834 2 4 3 1053418
23776 2 4 3 1053600
97335 2 4 3 1054221
87185 2 4 3 1059597
71622 2 4 3 1059944
54901 2 4 3 1063431
51265 2 4 3 1073743
47519 2 4 3 1077252
36292 2 4 3 1081401
21079 2 4 3 1082122
2216 2 4 3 1082931
680 2 5 3 1084074
42183 2 4 3 1090232
94833 2 4 3 1092686
88091 2 4 3 1093086
81134 2 4 3 1097847
82 2 5 3 1099665
2974 2 5 3 1102228
13489 2 4 3 1102490
2032 2 5 3 1103436
1172 2 5 3 1105571
2024 2 5 3 1105591
87507 2 4 3 1105787
71674 2 4 3 1106436
92106 2 4 3 1111688
16597 2 4 3 1115274
24814 2 4 3 1119452
2651 2 5 3 1121365
250 2 5 3 1123574
33462 2 4 3 1127756
27642 2 4 3 1128526
44380 2 4 3 1128562
3771 2 5 3 1132414
7297 2 4 3 1134787
27900 2 4 3 1135328
3854 2 5 3 1136914
87414 2 4 3 1138638
2773 2 5 3 1139376
3724 2 5 3 1141111
3299 2 5 3 1141152
1717 2 5 3 1142729
2053 2 5 3 1143041
94587 2 4 3 1143640
925 2 5 3 1144758
53740 2 4 3 1147682
2017 2 5 3 1148839
49886 2 4 3 1150599
43305 2 4 3 1153118
3663 2 5 3 1163923
81150 2 4 3 1168893
89238 2 4 3 1172005
3800 2 5 3 1174820
78179 2 4 3 1175109
81059 2 4 3 1175586
3221 2 5 3 1176176
3026 2 5 3 1176244
2560 2 5 3 1176518
871 2 5 3 1176800
530 2 5 3 1177352
370 2 5 3 1184889
63706 2 4 3 1186616
2239 2 5 3 1187146
79207 2 4 3 1190601
1362 2 5 3 1191563
82756 2 4 3 1192418
876 2 5 3 1194082
1650 2 5 3 1194875
1860 2 5 3 1202380
2076 2 5 3 1206690
3799 2 5 3 1207004
91621 2 4 3 1207706
1567 2 5 3 1208381
1112 2 5 3 1209426
90095 2 4 3 1211368
3742 2 5 3 1213587
1628 2 5 3 1215270
1411 2 5 3 1220450
3846 2 5 3 1221660
2996 2 5 3 1221680
3832 2 5 3 1223328
641 2 5 3 1224457
104 2 5 3 1226118
18162 2 4 3 1226254
205 2 5 3 1227018
3298 2 5 3 1227582
47447 2 4 3 1230852
1290 2 5 3 1231182
9 2 5 3 1232751
685 2 5 3 1241492
2747 2 5 3 1242660
2948 2 5 3 1244087
582 2 5 3 1244500
2006 2 5 3 1246653
628 2 5 3 1250190
3705 2 5 3 1250852
2842 2 5 3 1255574
6090 2 4 3 1257432
42573 2 4 3 1260216
2209 2 5 3 1262363
3707 2 5 3 1264651
29164 2 4 3 1264842
1036 2 5 3 1265222
1052 2 5 3 1266345
822 2 5 3 1267012
1267 2 5 3 1267372
1822 2 5 3 1271323
1987 2 5 3 1272315
19116 2 4 3 1275851
26619 2 4 3 1278751
2858 2 5 3 1282022
1904 2 5 3 1283140
311 2 5 3 1289729
945 2 5 3 1289763
2028 2 5 3 1295600
3378 2 5 3 1296963
1471 2 5 3 1299534
1637 2 5 3 1299547
2497 2 5 3 1300648
4636 2 5 3 1302348
56294 2 4 3 1304168
3886 2 5 3 1304956
1466 2 5 3 1305189
25160 2 4 3 1305806
2977 2 5 3 1308032
73905 2 4 3 1309034
2210 2 5 3 1323684
4391 2 5 3 1324146
4546 2 5 3 1324955
3768 2 5 3 1325080
2380 2 5 3 1327756
6646 2 5 3 1330104
4027 2 5 3 1331879
1422 2 5 3 1331954
3088 2 5 3 1336355
6025 2 5 3 1336653
39816 2 4 3 1340052
3977 2 5 3 1343677
4552 2 5 3 1348258
4002 2 5 3 1351193
6812 2 5 3 1351479
5731 2 5 3 1353809
5395 2 5 3 1354395
1706 2 5 3 1354636
3077 2 5 3 1355129
2413 2 5 3 1355167
4324 2 5 3 1356482
5403 2 5 3 1356622
3514 2 5 3 1358742
2447 2 5 3 1359964
556 2 5 3 1361928
1780 2 5 3 1364462
6745 2 5 3 1365221
4304 2 5 3 1366037
246 2 5 3 1367818
3945 2 5 3 1368885
15 2 5 3 1377009
2125 2 5 3 1382814
501 2 5 3 1385205
2276 2 5 3 1386027
6718 2 5 3 1387486
5020 2 5 3 1390047
5638 2 5 3 1391363
4584 2 5 3 1391516
70166 2 4 3 1391646
6237 2 5 3 1393940
2670 2 5 3 1394196
6447 2 5 3 1398946
4872 2 5 3 1401426
4786 2 5 3 1403823
29929 2 4 3 1407875
4630 2 5 3 1408448
775 2 5 3 1409376
4119 2 5 3 1409417
4568 2 5 3 1409883
2465 2 5 3 1411728
2033 2 5 3 1413403
302 2 5 3 1417093
2721 2 5 3 1417912
2830 2 5 3 1419180
2537 2 5 3 1426915
1308 2 5 3 1427092
31 2 5 3 1428105
5654 2 5 3 1430147
1185 2 5 3 1431343
1784 2 5 3 1433619
5473 2 5 3 1435457
4571 2 5 3 1436308
5273 2 5 3 1437750
1064 2 5 3 1439286
4686 2 5 3 1439381
4523 2 5 3 1443498
116 2 5 3 1446966
1960 2 5 3 1447050
934 2 5 3 1449971
5110 2 5 3 1451960
552 2 5 3 1452782
961 2 5 3 1453404
860 2 5 3 1455126
4452 2 5 3 1455517
1274 2 5 3 1455850
3054 2 5 3 1460876
4592 2 5 3 1464150
3351 2 5 3 1468539
3556 2 5 3 1468982
2082 2 5 3 1469452
1787 2 5 3 1470426
39 2 5 3 1470513
5399 2 5 3 1476934
599 2 5 3 1477955
5470 2 5 3 1479750
1450 2 5 3 1483174
1141 2 5 3 1486146
5334 2 5 3 1487702
703 2 5 3 1488165
4661 2 4 3 1491480
482 2 5 3 1491964
4561 2 5 3 1497783
5304 2 5 3 1501614
4800 2 5 3 1505754
3249 2 5 3 1506145
4199 2 5 3 1508406
4709 2 5 3 1509317
5345 2 5 3 1509442
3769 2 5 3 1510729
3703 2 5 3 1512282
4769 2 5 3 1516890
6681 2 5 3 1518452
7031 2 5 3 1522565
3376 2 5 3 1522718
856 2 5 3 1523114
4735 2 5 3 1525950
5938 2 5 3 1528488
6486 2 5 3 1529200
2058 2 5 3 1531730
4869 2 5 3 1534522
3595 2 5 3 1535931
6392 2 5 3 1536247
4212 2 5 3 1536842
5021 2 5 3 1537790
6263 2 5 3 1539240
4350 2 5 3 1541559
6521 2 5 3 1541804
3328 2 5 3 1541996
1700 2 5 3 1546878
5825 2 5 3 1548096
528 2 5 3 1551338
5815 2 5 3 1558218
6616 2 5 3 1560998
149 2 5 3 1562278
1180 2 5 3 1565630
1513 2 5 3 1566284
6248 2 5 3 1570974
4840 2 5 3 1571418
3863 2 5 3 1572428
1192 2 5 3 1578149
5733 2 5 3 1578385
773 2 5 3 1578736
150 2 5 3 1579875
5150 2 5 3 1579899
2668 2 5 3 1580637
5640 2 5 3 1580860
735 2 5 3 1586846
1938 2 5 3 1587864
2526 2 5 3 1587994
5040 2 5 3 1595401
6946 2 5 3 1598990
625 2 5 3 1599334
285 2 5 3 1600820
1741 2 5 3 1601022
1398 2 5 3 1603001
2227 2 5 3 1604106
7203 2 5 3 1608215
6424 2 5 3 1610209
4464 2 5 3 1610696
5348 2 5 3 1611633
7294 2 5 3 1613238
426 2 5 3 1613942
1646 2 5 3 1614244
1609 2 5 3 1614516
77 2 5 3 1615614
6769 2 5 3 1617082
4173 2 5 3 1617110
1356 2 5 3 1618724
6487 2 5 3 1623088
2027 2 5 3 1625156
1156 2 5 3 1625773
2550 2 5 3 1628579
6878 2 5 3 1628611
776 2 5 3 1629739
5351 2 5 3 1632972
446 2 5 3 1635089
3511 2 5 3 1638047
5171 2 5 3 1639061
646 2 5 3 1643018
3252 2 5 3 1647524
2554 2 5 3 1649753
1747 2 5 3 1652510
1679 2 5 3 1655176
4078 2 5 3 1659049
4517 2 5 3 1659266
7028 2 5 3 1661194
3664 2 5 3 1664914
7099 2 5 3 1667683
254 2 5 3 1668200
6269 2 5 3 1668360
5703 2 5 3 1671954
4355 2 5 3 1673864
5057 2 5 3 1674372
7138 2 5 3 1675388
3035 2 5 3 1675563
3645 2 5 3 1680658
1413 2 5 3 1692327
7001 2 5 3 1692898
6051 2 5 3 1696772
199 2 5 3 1698753
7583 2 5 3 1698849
7214 2 5 3 1699008
5359 2 5 3 1705115
4375 2 5 3 1706269
3408 2 5 3 1708708
5808 2 5 3 1709284
4289 2 5 3 1709325
4985 2 5 3 1709702
6914 2 5 3 1712410
5390 2 5 3 1714096
7933 2 5 3 1715100
6027 2 5 3 1715472
4963 2 5 3 1716524
6179 2 5 3 1716793
4891 2 5 3 1718695
1595 2 5 3 1720453
1047 2 5 3 1725564
6933 2 5 3 1726054
4437 2 5 3 1727494
1523 2 5 3 1728562
5814 2 5 3 1730035
6078 2 5 3 1733302
3476 2 5 3 1733308
5752 2 5 3 1734153
1694 2 5 3 1744449
1731 2 5 3 1745434
6655 2 5 3 1746450
881 2 5 3 1747346
6145 2 5 3 1750070
642 2 5 3 1754031
2004 2 5 3 1755576
4314 2 5 3 1756539
7821 2 5 3 1757426
6842 2 5 3 1757719
4844 2 5 3 1760234
5421 2 5 3 1760555
4041 2 5 3 1762893
1404 2 5 3 1764030
918 2 5 3 1766237
7526 2 5 3 1766706
2876 2 5 3 1774982
391 2 5 3 1775395
1069 2 5 3 1783802
1314 2 5 3 1784035
3745 2 5 3 1784808
1073 2 5 3 1788639
612 2 5 3 1791241
7643 2 5 3 1793097
7261 2 5 3 1794422
7764 2 5 3 1797291
2364 2 5 3 1797497
2350 2 5 3 1799188
10419 2 5 3 1804344
25 2 5 3 1804658
9553 2 5 3 1805147
991 2 5 3 1810067
1676 2 5 3 1811886
7338 2 5 3 1819551
6525 2 5 3 1820337
335 2 5 3 1822499
4814 2 5 3 1824384
5616 2 5 3 1827997
98 2 5 3 1828458
5133 2 5 3 1828764
10060 2 5 3 1829590
312 2 5 3 1836849
6578 2 5 3 1837546
10136 2 5 3 1838291
10603 2 5 3 1843130
2762 2 5 3 1845449
2220 2 5 3 1847204
1060 2 5 3 1848493
365 2 5 3 1850618
1734 2 5 3 1850881
6414 2 5 3 1851948
4566 2 5 3 1853954
3719 2 5 3 1854147
129 2 5 3 1860254
2770 2 5 3 1860758
2272 2 5 3 1861701
794 2 5 3 1861734
4955 2 5 3 1863169
1101 2 5 3 1865610
450 2 5 3 1866012
2001 2 5 3 1870953
6869 2 5 3 1870964
8054 2 5 3 1873984
8151 2 5 3 1875350
6495 2 5 3 1877657
2341 2 5 3 1879428
5318 2 5 3 1879574
4831 2 5 3 1880604
7808 2 5 3 1881712
2939 2 5 3 1884073
4453 2 5 3 1884782
6102 2 5 3 1885835
3962 2 5 3 1889735
7803 2 5 3 1894044
2857 2 5 3 1896681
99 2 5 3 1897274
9304 2 5 3 1897456
4066 2 5 3 1898338
4540 2 5 3 1900834
6854 2 5 3 1905339
10294 2 5 3 1909327
1719 2 5 3 1911258
6666 2 5 3 1913176
3440 2 5 3 1915277
6050 2 5 3 1918298
9110 2 5 3 1919580
9794 2 5 3 1924119
2520 2 5 3 1925256
7899 2 5 3 1925440
5560 2 5 3 1930890
7516 2 5 3 1931688
1888 2 5 3 1932140
3921 2 5 3 1934701
4146 2 5 3 1936225
9046 2 5 3 1944362
10255 2 5 3 1945410
4976 2 5 3 1947029
3900 2 5 3 1954153
9334 2 5 3 1954794
3096 2 5 3 1959363
10184 2 5 3 1961547
4159 2 5 3 1966435
6253 2 5 3 1966588
6417 2 5 3 1967391
3004 2 5 3 1969414
4948 2 5 3 1971089
1982 2 5 3 1971205
8249 2 5 3 1976153
8118 2 5 3 1977904
4668 2 5 3 1980684
6859 2 5 3 1983262
3344 2 5 3 1983537
9589 2 5 3 1983732
2318 2 5 3 1984222
4001 2 5 3 1985684
479 2 5 3 1987250
4153 2 5 3 1988906
7079 2 5 3 1990878
6935 2 5 3 1991780
6526 2 5 3 1992346
8238 2 5 3 1993423
6405 2 5 3 1993914
980 2 5 3 1994142
3507 2 5 3 1994319
6750 2 5 3 1994512
10453 2 5 3 1995555
9630 2 5 3 1996599
2729 2 5 3 1999315
