14 2 4 3 1118686
21 2 4 3 1105110
25 2 4 3 1179552
39 2 4 3 1745224
62 2 4 3 1400700
84 2 4 3 1024192
89 2 4 3 1116340
96 2 4 3 1087974
101 2 4 3 1569552
112 2 4 3 1017735
129 2 4 3 1142556
142 2 4 3 1015339
189 2 4 3 1111839
209 2 4 3 1321424
242 2 4 3 1054818
250 2 4 3 1725888
258 2 4 3 1034024
267 2 4 3 1033069
295 2 4 3 1618320
307 2 4 3 1227758
349 2 4 3 2820704
360 2 4 3 15497604
742 2 4 3 17069052
791 2 4 3 9254852
1107 2 4 3 11372496
1222 2 4 3 2893294
1893 2 4 3 14404570
2274 2 4 3 19408530
3299 2 4 3 18604800
3693 2 4 3 10775638
3818 2 4 3 13445225
3883 2 4 3 2438902
4463 2 4 3 3916109
4681 2 4 3 2209788
4736 2 4 3 7135505
5240 2 4 3 10012572
5334 2 4 3 10674741
5493 2 4 3 4404118
5727 2 4 3 9106160
5979 2 4 3 10450437
6143 2 4 3 13335894
6308 2 4 3 9533988
6570 2 4 3 15344628
6695 2 4 3 11634516
6927 2 4 3 2133593
7000 2 4 3 8064800
7031 2 4 3 2092926
7312 2 4 3 2491452
7327 2 4 3 5812656
7523 2 4 3 4114719
8456 2 4 3 10278242
9043 2 4 3 18227964
9462 2 4 3 11243844
9867 2 4 3 2179584
9891 2 4 3 3988258
10008 2 4 3 2478471
10251 2 4 3 3069604
10498 2 4 3 2043324
10676 2 4 3 2626540
10964 2 4 3 2122844
11075 2 4 3 2161240
11348 2 4 3 7309432
11518 2 4 3 8805184
11628 2 4 3 17373698
11897 2 4 3 20844900
11984 2 4 3 14327368
12014 2 4 3 12722997
12220 2 4 3 16323776
12583 2 4 3 20483463
12645 2 4 3 10888531
12813 2 4 3 20323122
12996 2 4 3 18275928
13738 2 4 3 15755522
13819 2 4 3 16540268
14125 2 4 3 19845504
14212 2 4 3 15420004
14379 2 4 3 11447144
14508 2 4 3 9216805
14648 2 4 3 9259536
14677 2 4 3 12881492
14784 2 4 3 2232576
15450 2 4 3 2399820
15694 2 4 3 2726844
15799 2 4 3 5870002
15937 2 4 3 12626240
16085 2 4 3 16712544
16114 2 4 3 20330400
16275 2 4 3 12701980
16326 2 4 3 4534264
16854 2 4 3 2390336
16991 2 4 3 8072946
18052 2 4 3 13144086
18251 2 4 3 8115120
18391 2 4 3 6859226
19022 2 4 3 12370608
19174 2 4 3 6285240
20194 2 4 3 18039180
20489 2 4 3 4299204
20760 2 4 3 13382352
20879 2 4 3 16276352
20918 2 4 3 2024940
20949 2 4 3 3070980
21514 2 4 3 6959120
21871 2 4 3 2126704
22791 2 4 3 12441960
22901 2 4 3 19162266
23413 2 4 3 3142128
23788 2 4 3 12464634
23831 2 4 3 12895354
24003 2 4 3 20166672
24800 2 4 3 20734955
24802 2 4 3 7596864
24821 2 4 3 9866064
25106 2 4 3 12495397
26030 2 4 3 3592248
26124 2 4 3 13332728
26126 2 4 3 4406936
26828 2 4 3 17631060
26847 2 4 3 2217350
27449 2 4 3 13827374
27552 2 4 3 8266624
27594 2 4 3 9575220
27624 2 4 3 15713284
27679 2 4 3 14848938
27820 2 4 3 5829417
27902 2 4 3 3516108
28021 2 4 3 11734528
28926 2 4 3 13066080
28931 2 4 3 10629168
29115 2 4 3 19173994
30141 2 4 3 6244290
30533 2 4 3 6358191
30549 2 4 3 14912046
31638 2 4 3 14866404
32633 2 4 3 6571464
32925 2 4 3 8130556
33004 2 4 3 10278216
33259 2 4 3 12326820
33454 2 4 3 6843943
33766 2 4 3 8730000
34333 2 4 3 16294300
35347 2 4 3 3915372
35350 2 4 3 10111479
35478 2 4 3 4824804
35954 2 4 3 15763518
35979 2 4 3 5114340
36121 2 4 3 15296900
36172 2 4 3 13490784
36593 2 4 3 13900935
36643 2 4 3 3659124
36846 2 4 3 13143130
37133 2 4 3 15090120
37440 2 4 3 4267900
37536 2 4 3 13079232
38204 2 4 3 11339998
38229 2 4 3 7305130
38589 2 4 3 3091305
38783 2 4 3 11329164
38929 2 4 3 19165666
39170 2 4 3 16850288
39335 2 4 3 9363890
39373 2 4 3 11256960
39612 2 4 3 18955872
39844 2 4 3 18704096
40187 2 4 3 8114530
40275 2 4 3 9104928
40363 2 4 3 13811952
40375 2 4 3 14597748
40503 2 4 3 12023886
40599 2 4 3 13100352
40881 2 4 3 11356710
41527 2 4 3 5915406
41571 2 4 3 7227660
41581 2 4 3 17699488
42401 2 4 3 16543516
42433 2 4 3 7290360
42647 2 4 3 14714406
42690 2 4 3 19749345
43735 2 4 3 20744208
44825 2 4 3 3006192
45198 2 4 3 16656486
45343 2 4 3 3619350
45849 2 4 3 12492482
45921 2 4 3 9687480
46069 2 4 3 18428844
46693 2 4 3 5104085
46807 2 4 3 14651529
47024 2 4 3 20448360
47874 2 4 3 3458328
48010 2 4 3 6497000
48121 2 4 3 14500672
48335 2 4 3 12303666
48413 2 4 3 11168394
48558 2 4 3 9344196
48877 2 4 3 4191264
48895 2 4 3 15007120
49057 2 4 3 3654156
50092 2 4 3 16468318
51175 2 4 3 7964946
51225 2 4 3 18348480
51547 2 4 3 7250472
51786 2 4 3 18135560
51790 2 4 3 12438768
51860 2 4 3 9201024
52752 2 4 3 10367136
52932 2 4 3 19931072
53121 2 4 3 17105004
53228 2 4 3 12725520
53259 2 4 3 18190656
53348 2 4 3 5518800
53446 2 4 3 7688785
54032 2 4 3 3967339
54707 2 4 3 8707320
55491 2 4 3 13785816
55822 2 4 3 17654464
55889 2 4 3 6945600
56002 2 4 3 13836636
56157 2 4 3 9749485
56184 2 4 3 11958087
56841 2 4 3 18436704
57302 2 4 3 15771522
57682 2 4 3 14319210
57802 2 4 3 17067612
58507 2 4 3 17531960
58757 2 4 3 14086692
59121 2 4 3 4801190
59355 2 4 3 8234352
59523 2 4 3 3455568
59905 2 4 3 6674472
59934 2 4 3 15119520
60449 2 4 3 5955872
60616 2 4 3 6016680
60643 2 4 3 15204876
60743 2 4 3 6271397
60758 2 4 3 18259560
61182 2 4 3 14564064
61557 2 4 3 20638680
62224 2 4 3 14592320
62347 2 4 3 15185616
62525 2 4 3 16222542
62750 2 4 3 3367260
62888 2 4 3 7507024
62961 2 4 3 8545548
63487 2 4 3 5674900
63560 2 4 3 6887694
63928 2 4 3 6573798
64103 2 4 3 20712853
64231 2 4 3 4305106
64353 2 4 3 14725030
65034 2 4 3 7610288
65392 2 4 3 5019487
66696 2 4 3 15585284
67139 2 4 3 6812070
67487 2 4 3 12253040
67927 2 4 3 10437999
67946 2 4 3 18674766
68239 2 4 3 20670734
68321 2 4 3 20879280
68453 2 4 3 18734064
68598 2 4 3 18762240
68649 2 4 3 18920208
68890 2 4 3 17010581
69118 2 4 3 19957068
69721 2 4 3 13514424
70163 2 4 3 4325104
70428 2 4 3 7157826
70885 2 4 3 8726008
70986 2 4 3 16354910
71200 2 4 3 15175680
71650 2 4 3 20086668
71881 2 4 3 20844042
72391 2 4 3 13174377
72571 2 4 3 7746186
72704 2 4 3 4336187
73577 2 4 3 4410462
73680 2 4 3 8814024
73692 2 4 3 17184700
73864 2 4 3 8599554
74009 2 4 3 18296516
74473 2 4 3 9377964
74853 2 4 3 11211824
75439 2 4 3 14702688
75921 2 4 3 19630344
75945 2 4 3 20320464
76431 2 4 3 15009400
76529 2 4 3 10218192
77112 2 4 3 11163615
77820 2 4 3 8094384
77954 2 4 3 8153967
78091 2 4 3 15431760
78868 2 4 3 16935400
78955 2 4 3 5404264
79118 2 4 3 10151800
79132 2 4 3 15091260
79168 2 4 3 17675616
79298 2 4 3 6342880
79313 2 4 3 12526298
80534 2 4 3 15362048
80770 2 4 3 14666508
80909 2 4 3 3603942
81458 2 4 3 17189744
81943 2 4 3 8096868
82231 2 4 3 18241632
83366 2 4 3 17271040
83467 2 4 3 18266040
84627 2 4 3 15786179
84724 2 4 3 7999740
84762 2 4 3 6558045
84766 2 4 3 19639746
84951 2 4 3 4344526
86551 2 4 3 7636860
88086 2 4 3 10457886
88174 2 4 3 16375117
88609 2 4 3 7650391
88872 2 4 3 14987140
88988 2 4 3 16810724
89023 2 4 3 11906820
89043 2 4 3 5705921
90385 2 4 3 8885757
90647 2 4 3 10134950
90741 2 4 3 14148092
91210 2 4 3 11671010
91241 2 4 3 9199464
92198 2 4 3 11029140
92326 2 4 3 6997104
92444 2 4 3 3416504
92467 2 4 3 10539536
92945 2 4 3 20180360
93227 2 4 3 12628044
93467 2 4 3 4740096
93613 2 4 3 13670214
93759 2 4 3 8119266
94113 2 4 3 6754207
94235 2 4 3 14727328
94346 2 4 3 9942568
94584 2 4 3 11993779
94863 2 4 3 9923016
96209 2 4 3 19352898
96546 2 4 3 19433443
96578 2 4 3 10090668
96836 2 4 3 14518197
96838 2 4 3 13711984
96981 2 4 3 6937056
97105 2 4 3 12088512
97656 2 4 3 5215210
97902 2 4 3 5168592
97948 2 4 3 17560880
99481 2 4 3 10329740
99805 2 4 3 8655975
99917 2 4 3 5768155
100482 2 4 3 20857200
100505 2 4 3 11578248
100810 2 4 3 10402698
100943 2 4 3 19255716
101186 2 4 3 19041048
101303 2 4 3 11245920
101739 2 4 3 10917456
101990 2 4 3 20498481
102173 2 4 3 4984042
102245 2 4 3 19739066
102751 2 4 3 20745234
102792 2 4 3 17978520
103169 2 4 3 12494412
103342 2 4 3 4643011
103866 2 4 3 17456544
104133 2 4 3 19751208
104175 2 4 3 17701224
104228 2 4 3 19781091
105085 2 4 3 20738770
105106 2 4 3 3111941
105486 2 4 3 5474502
105631 2 4 3 17070096
106435 2 4 3 16027587
106660 2 4 3 11829636
108078 2 4 3 19761560
108377 2 4 3 16270848
108559 2 4 3 17356812
109472 2 4 3 17368427
112233 2 4 3 13066846
113049 2 4 3 5686200
113294 2 4 3 18746754
113481 2 4 3 19629810
113613 2 4 3 7733880
116074 2 4 3 9704900
117302 2 4 3 16785285
118325 2 4 3 4292312
118698 2 4 3 19064607
122543 2 4 3 4371092
123650 2 4 3 5976936
125674 2 4 3 9905998
125843 2 4 3 16017408
126788 2 4 3 7015290
127298 2 4 3 9783360
129187 2 4 3 5411471
129648 2 4 3 16430752
131460 2 4 3 7202454
132629 2 4 3 16837366
135703 2 4 3 5900975
137932 2 4 3 4014393
138713 2 4 3 7096060
