1206 2 3 4 10014058
4716 2 3 4 10052680
3630 2 3 4 10166740
397 2 3 4 10180921
6712 2 3 4 10215230
5303 2 3 4 10244552
4429 2 3 4 10280248
653 2 3 4 10321856
139 2 3 4 10340852
4182 2 3 4 10351432
6231 2 3 4 10371360
1028 2 3 4 10391892
477 2 3 4 10471240
663 2 3 4 10495962
6521 2 3 4 10528448
2956 2 3 4 10709816
4357 2 3 4 10736638
597 2 3 4 10739701
574 2 3 4 10870912
5003 2 3 4 10975742
7618 2 3 4 11016480
2252 2 3 4 11106304
8857 2 3 4 11107680
7987 2 3 4 11122670
4975 2 3 4 11191032
5223 2 3 4 11211620
9581 2 3 4 11272388
6314 2 3 4 11275614
3649 2 3 4 11292640
3476 2 3 4 11293600
6952 2 3 4 11373120
940 2 3 4 11386830
5941 2 3 4 11428984
3103 2 3 4 11581560
2012 2 3 4 11591952
6990 2 3 4 11665500
7505 2 3 4 11675224
9297 2 3 4 11724044
9689 2 3 4 11877216
2325 2 3 4 11881260
4046 2 3 4 12011808
9462 2 3 4 12041838
512 2 4 4 12165344
325 2 4 4 12235824
7933 2 3 4 12241326
4179 2 3 4 12256688
7418 2 3 4 12332660
3711 2 3 4 12377904
7898 2 3 4 12390816
179 2 4 4 12417366
6365 2 3 4 12491826
600 2 4 4 12492288
430 2 4 4 12574084
465 2 4 4 12624680
4784 2 3 4 12783162
1178 2 3 4 12804480
132 2 4 4 12837540
2193 2 3 4 12841972
363 2 4 4 12876794
473 2 4 4 12999678
630 2 4 4 13005683
575 2 4 4 13005852
124 2 4 4 13072540
189 2 4 4 13116860
420 2 4 4 13199342
3107 2 3 4 13239936
8834 2 3 4 13274424
587 2 4 4 13360295
2176 2 3 4 13422354
9021 2 3 4 13475800
232 2 4 4 13545830
1658 2 3 4 13579488
538 2 4 4 13761016
63 2 4 4 13802304
770 2 4 4 13819184
4304 2 3 4 13824216
831 2 4 4 13920400
941 2 4 4 13932572
287 2 4 4 13966316
851 2 4 4 13990518
640 2 4 4 14190772
620 2 4 4 14194088
443 2 4 4 14211474
302 2 4 4 14270967
599 2 4 4 14301408
27 2 4 4 14374654
424 2 4 4 14399742
556 2 4 4 14450206
348 2 4 4 14530382
195 2 4 4 14555432
669 2 4 4 14651880
1940 2 3 4 14674400
2296 2 3 4 14692320
81 2 4 4 14699141
7194 2 3 4 14714624
715 2 4 4 14735320
142 2 4 4 14769414
591 2 4 4 14772538
376 2 4 4 14773857
523 2 4 4 14860320
7379 2 3 4 15003936
909 2 4 4 15042402
1092 2 4 4 15045360
547 2 4 4 15099464
841 2 4 4 15171972
993 2 4 4 15260864
772 2 4 4 15353420
162 2 3 4 15372462
256 2 4 4 15385600
642 2 4 4 15392024
1121 2 4 4 15396938
608 2 4 4 15627462
1227 2 4 4 15690256
1075 2 4 4 15774870
6265 2 3 4 15781704
109 2 4 4 15787734
4755 2 3 4 15803620
601 2 4 4 15842392
225 2 4 4 15879851
651 2 4 4 15977832
1562 2 4 4 16032170
2139 2 4 4 16095052
1398 2 4 4 16099364
1601 2 4 4 16116318
897 2 4 4 16142432
698 2 4 4 16155876
732 2 4 4 16164412
550 2 4 4 16170508
2197 2 4 4 16175752
1060 2 4 4 16238727
1788 2 4 4 16243716
381 2 4 4 16269186
154 2 4 4 16289108
486 2 4 4 16454308
1284 2 4 4 16554472
1936 2 4 4 16583006
76 2 4 4 16654200
1985 2 4 4 16686252
2189 2 4 4 16775910
1094 2 4 4 16903216
2402 2 4 4 17002912
1071 2 4 4 17031997
2662 2 4 4 17084996
1470 2 4 4 17099786
963 2 4 4 17107008
2489 2 4 4 17113588
1699 2 4 4 17178594
936 2 4 4 17271090
2167 2 4 4 17356164
409 2 4 4 17375340
1262 2 4 4 17381152
1144 2 4 4 17394744
178 2 4 4 17405840
1693 2 4 4 17494872
2420 2 4 4 17587296
1347 2 4 4 17605488
1710 2 4 4 17861234
1619 2 4 4 17892940
2533 2 4 4 17906352
2682 2 4 4 17951735
1383 2 4 4 18011091
622 2 4 4 18016925
326 2 4 4 18039054
333 2 4 4 18136552
1000 2 4 4 18149346
1368 2 4 4 18180436
1427 2 4 4 18220324
130 2 4 4 18240028
1618 2 4 4 18280111
1402 2 4 4 18314930
628 2 4 4 18351931
585 2 4 4 18388802
748 2 4 4 18442340
449 2 4 4 18566468
2016 2 4 4 18591112
196 2 4 4 18635636
1269 2 4 4 18722020
1881 2 4 4 18800888
1588 2 4 4 18924410
434 2 4 4 18959624
2069 2 4 4 19016054
1151 2 4 4 19051176
1707 2 4 4 19107812
1046 2 4 4 19117200
1502 2 4 4 19204640
1958 2 4 4 19238026
1331 2 4 4 19241136
1671 2 4 4 19323780
719 2 4 4 19368536
322 2 4 4 19427504
2198 2 4 4 19487416
1616 2 4 4 19553908
1763 2 4 4 19664526
283 2 4 4 19796208
2010 2 4 4 19806828
1633 2 4 4 19827232
1001 2 4 4 19839224
1336 2 4 4 19898470
1158 2 4 4 19930912
1692 2 4 4 19973700
1423 2 4 4 20015178
352 2 4 4 20097432
793 2 4 4 20146948
2025 2 4 4 20163506
812 2 4 4 20224498
301 2 4 4 20239612
328 2 4 4 20260221
3520 2 4 4 20368608
1703 2 4 4 20412488
1510 2 4 4 20500604
383 2 4 4 20744032
77 2 4 4 20773652
1260 2 4 4 20784112
2084 2 4 4 20789272
1283 2 4 4 20822864
2471 2 4 4 20849320
3240 2 4 4 20930256
3226 2 4 4 20932984
2876 2 4 4 20935092
866 2 4 4 20987586
634 2 4 4 21079848
327 2 4 4 21114048
300 2 4 4 21195528
3002 2 4 4 21359592
1370 2 4 4 21492016
2007 2 4 4 21530688
850 2 4 4 21580928
2931 2 4 4 21603596
2485 2 4 4 21612204
439 2 4 4 21657536
534 2 4 4 21665130
3074 2 4 4 21683024
2185 2 4 4 21762778
2009 2 4 4 21840608
2645 2 4 4 21853054
2608 2 4 4 21885942
3247 2 4 4 21904182
355 2 4 4 21921112
1475 2 4 4 21931507
1124 2 4 4 21962764
4378 2 4 4 22070984
3912 2 4 4 22098415
419 2 4 4 22158672
672 2 4 4 22181168
4233 2 4 4 22196268
2701 2 4 4 22224317
3078 2 4 4 22247692
4530 2 4 4 22259468
589 2 4 4 22301474
3123 2 4 4 22401524
2224 2 4 4 22485679
2065 2 4 4 22495488
23 2 4 4 22531276
4465 2 4 4 22631928
250 2 4 4 22652598
1646 2 4 4 22659570
2935 2 4 4 22691284
530 2 4 4 22701012
210 2 4 4 22722844
1422 2 4 4 22821968
313 2 4 4 23062884
323 2 4 4 23134758
1147 2 4 4 23332404
4860 2 4 4 23345718
356 2 4 4 23380340
4202 2 4 4 23381304
1035 2 4 4 23432380
426 2 4 4 23448996
1245 2 4 4 23498947
83 2 4 4 23540374
977 2 4 4 23623190
6707 2 3 4 23636074
2262 2 4 4 23653660
950 2 4 4 23694668
2867 2 4 4 23694798
3021 2 4 4 23771734
3198 2 4 4 23776604
1417 2 4 4 23782860
3327 2 4 4 23798392
1232 2 4 4 23981056
4963 2 4 4 24151410
4648 2 4 4 24165418
3304 2 4 4 24168269
987 2 4 4 24191435
460 2 4 4 24291365
797 2 4 4 24316506
3389 2 4 4 24392430
1345 2 4 4 24455430
4200 2 4 4 24471512
4874 2 4 4 24622724
1953 2 4 4 24628492
1678 2 4 4 24639267
3702 2 4 4 24682148
2032 2 4 4 24691251
3591 2 4 4 24694272
3762 2 4 4 24698256
616 2 4 4 24782112
3048 2 4 4 24814626
321 2 4 4 24859260
2410 2 4 4 24976264
9235 2 4 4 25038585
752 2 4 4 25090440
2555 2 4 4 25184555
6972 2 4 4 25225198
8700 2 4 4 25226374
6437 2 4 4 25288648
5994 2 4 4 25303428
3057 2 4 4 25308700
3614 2 4 4 25402120
5652 2 4 4 25402823
2839 2 4 4 25462922
6092 2 4 4 25579940
3657 2 4 4 25590046
3502 2 4 4 25607124
9343 2 4 4 25759185
3919 2 4 4 25809380
3570 2 4 4 25842017
3140 2 4 4 25866951
1851 2 4 4 25873516
5029 2 4 4 25914642
2355 2 4 4 26003256
4405 2 4 4 26060376
6450 2 4 4 26067202
9990 2 4 4 26072900
2000 2 4 4 26136013
1733 2 4 4 26137614
2245 2 4 4 26173073
67 2 3 5 26227591
144 2 3 5 26260004
702 2 4 4 26327592
2437 2 4 4 26336280
9563 2 4 4 26364734
475 2 4 4 26406160
6381 2 4 4 26476544
9283 2 4 4 26530904
8201 2 4 4 26543080
1032 2 4 4 26576516
6351 2 4 4 26669496
8267 2 4 4 26763360
168 2 3 5 26817024
765 2 4 4 27007798
2452 2 4 4 27065588
2954 2 4 4 27135352
9780 2 4 4 27152734
5679 2 4 4 27258008
193 2 3 5 27342630
2780 2 4 4 27453397
1212 2 4 4 27487336
4682 2 4 4 27533596
288 2 3 5 27593720
2915 2 4 4 27601276
284 2 3 5 27624888
9361 2 4 4 27655688
5873 2 4 4 27721390
49 2 3 5 27763560
8920 2 4 4 27779254
844 2 4 4 27804657
3378 2 4 4 27895150
2578 2 4 4 27943988
6889 2 4 4 27965796
3208 2 4 4 28046039
3236 2 4 4 28058156
5804 2 4 4 28068790
2872 2 4 4 28118249
343 2 4 4 28123997
6402 2 4 4 28124196
7564 2 4 4 28124368
9570 2 4 4 28185963
4990 2 4 4 28191790
689 2 3 5 28249014
334 2 3 5 28273440
1689 2 4 4 28375779
5472 2 4 4 28421520
4652 2 4 4 28437836
330 2 4 4 28551626
5387 2 4 4 28588808
260 2 3 5 28758440
246 2 3 5 28880280
129 2 3 5 28913152
281 2 3 5 28998480
6678 2 4 4 29021580
2 2 3 5 29049650
206 2 3 5 29070560
645 2 3 5 29073564
213 2 3 5 29127120
8324 2 4 4 29143830
291 2 3 5 29192076
9749 2 4 4 29251272
987 2 3 5 29275675
6959 2 4 4 29447986
86 2 3 5 29513472
9324 2 4 4 29535362
3945 2 4 4 29535554
2859 2 4 4 29612814
718 2 3 5 29709264
650 2 3 5 29743856
1275 2 4 4 29854156
378 2 4 4 29899320
975 2 3 5 29907330
354 2 3 5 29920957
