0 2 3 3 280608
4 2 3 3 164736
8 2 3 3 100116
10 2 3 3 105569
11 2 3 3 232404
16 2 3 3 205542
17 2 3 3 227088
18 2 3 3 110693
20 2 3 3 213696
26 2 3 3 212502
36 2 3 3 131670
37 2 3 3 143060
44 2 3 3 113582
45 2 3 3 110160
49 2 3 3 280140
63 2 3 3 301924
65 2 3 3 283845
67 2 3 3 133860
71 2 3 3 168204
75 2 3 3 102816
78 2 3 3 140940
79 2 3 3 213136
80 2 3 3 269990
82 2 3 3 123432
90 2 3 3 167238
94 2 3 3 336117
100 2 3 3 119529
105 2 3 3 126162
106 2 3 3 171255
113 2 3 3 214438
117 2 3 3 303728
126 2 3 3 114905
133 2 3 3 163296
134 2 3 3 254790
136 2 3 3 271800
143 2 3 3 357930
144 2 3 3 118800
149 2 3 3 126360
152 2 3 3 131922
153 2 3 3 117072
155 2 3 3 341532
160 2 3 3 208656
163 2 3 3 116850
164 2 3 3 184275
165 2 3 3 165668
170 2 3 3 274818
176 2 3 3 427652
177 2 3 3 123300
183 2 3 3 170800
185 2 3 3 230208
187 2 3 3 123508
190 2 3 3 408000
197 2 3 3 250992
199 2 3 3 183570
204 2 3 3 140716
207 2 3 3 143250
208 2 3 3 201474
212 2 3 3 375732
223 2 3 3 398658
224 2 3 3 106434
238 2 3 3 240948
240 2 3 3 148176
244 2 3 3 102060
245 2 3 3 256794
246 2 3 3 140896
256 2 3 3 135468
259 2 3 3 111936
272 2 3 3 163152
274 2 3 3 112288
275 2 3 3 149688
277 2 3 3 124200
281 2 3 3 206319
284 2 3 3 322320
285 2 3 3 172956
288 2 3 3 133767
292 2 3 3 168420
296 2 3 3 113712
297 2 3 3 211068
298 2 3 3 127980
299 2 3 3 173304
305 2 3 3 250323
308 2 3 3 186990
311 2 3 3 138930
318 2 3 3 115552
320 2 3 3 330240
324 2 3 3 248297
335 2 3 3 118080
336 2 3 3 164970
340 2 3 3 308493
351 2 3 3 262650
352 2 3 3 355191
362 2 3 3 123600
364 2 3 3 164736
368 2 3 3 122472
372 2 3 3 240516
375 2 3 3 100870
377 2 3 3 397386
382 2 3 3 160400
391 2 3 3 186576
392 2 3 3 215712
394 2 3 3 363660
395 2 3 3 121545
397 2 3 3 142270
402 2 3 3 246202
405 2 3 3 103968
411 2 3 3 193536
413 2 3 3 149850
417 2 3 3 231903
418 2 3 3 264741
425 2 3 3 412830
428 2 3 3 112924
435 2 3 3 100788
448 2 3 3 105462
458 2 3 3 149112
461 2 3 3 106408
464 2 3 3 234038
466 2 3 3 494500
468 2 3 3 125928
474 2 3 3 183480
477 2 3 3 121828
478 2 3 3 194376
479 2 3 3 147420
480 2 3 3 226476
485 2 3 3 162864
490 2 3 3 147132
491 2 3 3 122508
492 2 3 3 147400
493 2 3 3 126600
496 2 3 3 221728
497 2 3 3 258000
498 2 3 3 288948
499 2 3 3 228916
502 2 3 3 124488
503 2 3 3 179699
504 2 3 3 181440
507 2 3 3 114597
508 2 3 3 114103
515 2 3 3 180864
517 2 3 3 177840
518 2 3 3 108560
529 2 3 3 105728
537 2 3 3 376002
541 2 3 3 250272
543 2 3 3 348984
547 2 3 3 160632
549 2 3 3 125132
554 2 3 3 244192
555 2 3 3 252492
557 2 3 3 279594
560 2 3 3 201690
561 2 3 3 131532
565 2 3 3 369600
569 2 3 3 129744
572 2 3 3 234240
577 2 3 3 140178
579 2 3 3 154422
588 2 3 3 316744
590 2 3 3 100926
592 2 3 3 374496
593 2 3 3 253818
594 2 3 3 112344
597 2 3 3 199614
598 2 3 3 112716
600 2 3 3 263865
607 2 3 3 157635
609 2 3 3 187600
613 2 3 3 220110
614 2 3 3 112950
615 2 3 3 114204
618 2 3 3 266280
619 2 3 3 135864
623 2 3 3 104014
635 2 3 3 109687
641 2 3 3 112320
644 2 3 3 231840
645 2 3 3 379392
647 2 3 3 176400
654 2 3 3 317952
655 2 3 3 138470
664 2 3 3 134680
665 2 3 3 193900
666 2 3 3 143058
674 2 3 3 151410
677 2 3 3 120960
678 2 3 3 203940
686 2 3 3 187950
687 2 3 3 410816
688 2 3 3 272250
690 2 3 3 178269
694 2 3 3 149301
695 2 3 3 102672
696 2 3 3 115875
704 2 3 3 139314
707 2 3 3 461475
711 2 3 3 102684
715 2 3 3 283725
716 2 3 3 171112
725 2 3 3 143073
733 2 3 3 266760
737 2 3 3 105624
738 2 3 3 142968
739 2 3 3 278200
741 2 3 3 227106
743 2 3 3 132840
745 2 3 3 242039
746 2 3 3 260800
747 2 3 3 311577
749 2 3 3 153686
753 2 3 3 186381
756 2 3 3 105480
759 2 3 3 128835
760 2 3 3 306830
763 2 3 3 263898
769 2 3 3 288315
781 2 3 3 192924
788 2 3 3 138504
796 2 3 3 121233
802 2 3 3 161100
809 2 3 3 204120
810 2 3 3 141110
811 2 3 3 123806
812 2 3 3 274096
820 2 3 3 212058
826 2 3 3 234036
829 2 3 3 111397
830 2 3 3 154512
831 2 3 3 158340
836 2 3 3 155952
839 2 3 3 279930
855 2 3 3 143820
857 2 3 3 392288
865 2 3 3 179104
868 2 3 3 148835
869 2 3 3 270816
870 2 3 3 228540
873 2 3 3 159296
878 2 3 3 165600
881 2 3 3 124848
885 2 3 3 165726
889 2 3 3 129390
895 2 3 3 196248
896 2 3 3 106470
902 2 3 3 227758
905 2 3 3 120196
907 2 3 3 227856
912 2 3 3 182332
914 2 3 3 273700
916 2 3 3 312732
918 2 3 3 168520
921 2 3 3 339264
924 2 3 3 118993
926 2 3 3 134532
927 2 3 3 420640
928 2 3 3 112911
935 2 3 3 137088
939 2 3 3 114275
942 2 3 3 371631
951 2 3 3 192510
953 2 3 3 161190
959 2 3 3 196648
972 2 3 3 100500
974 2 3 3 122427
975 2 3 3 155040
977 2 3 3 142002
980 2 3 3 135864
981 2 3 3 149480
986 2 3 3 106023
995 2 3 3 104300
996 2 3 3 147150
997 2 3 3 108150
999 2 3 3 246750
1003 2 3 3 197577
1006 2 3 3 243808
1014 2 3 3 120054
1017 2 3 3 153340
1022 2 3 3 279972
1028 2 3 3 138000
1031 2 3 3 293280
1033 2 3 3 150696
1034 2 3 3 102486
1042 2 3 3 180096
1044 2 3 3 215424
1045 2 3 3 244354
1062 2 3 3 134475
1063 2 3 3 217248
1064 2 3 3 103726
1069 2 3 3 128928
1070 2 3 3 184077
1077 2 3 3 100100
1078 2 3 3 121390
1082 2 3 3 101840
1083 2 3 3 104470
1093 2 3 3 248769
1101 2 3 3 142324
1102 2 3 3 134750
1111 2 3 3 206628
1115 2 3 3 103752
1116 2 3 3 193545
1119 2 3 3 116200
1120 2 3 3 162250
1125 2 3 3 355500
1127 2 3 3 129150
1133 2 3 3 101990
1134 2 3 3 174720
1140 2 3 3 113256
1142 2 3 3 264960
1143 2 3 3 247680
1146 2 3 3 399438
1150 2 3 3 203616
1153 2 3 3 122400
1162 2 3 3 394485
1165 2 3 3 152428
1172 2 3 3 121164
1176 2 3 3 376362
1178 2 3 3 245920
1183 2 3 3 141114
1189 2 3 3 212176
1190 2 3 3 203940
1191 2 3 3 474944
1193 2 3 3 400610
1195 2 3 3 138320
1199 2 3 3 369600
1206 2 3 3 217260
1247 2 3 3 263976
1251 2 3 3 266766
1277 2 3 3 304668
1279 2 3 3 418959
1280 2 3 3 353430
1288 2 3 3 203700
1292 2 3 3 216186
1294 2 3 3 393600
1301 2 3 3 268128
1307 2 3 3 301074
1323 2 3 3 347270
1327 2 3 3 239448
1332 2 3 3 422208
1334 2 3 3 259246
1352 2 3 3 207360
1357 2 3 3 243972
1358 2 3 3 207872
1365 2 3 3 209064
1378 2 3 3 230601
1380 2 3 3 219618
1389 2 3 3 251312
1391 2 3 3 275720
1392 2 3 3 221064
1397 2 3 3 326325
1399 2 3 3 382878
1408 2 3 3 314706
1410 2 3 3 243445
1434 2 3 3 215716
1452 2 3 3 253368
1455 2 3 3 390222
1456 2 3 3 284144
1463 2 3 3 285120
1494 2 3 3 264420
1503 2 3 3 251559
1525 2 3 3 371460
1533 2 3 3 349020
1538 2 3 3 421504
1574 2 3 3 309120
1580 2 3 3 239481
1581 2 3 3 268392
1587 2 3 3 299943
1591 2 3 3 343244
1592 2 3 3 325680
1594 2 3 3 257108
1620 2 3 3 266400
1648 2 3 3 288638
1659 2 3 3 236600
1675 2 3 3 218544
1690 2 3 3 279300
1737 2 3 3 213360
1740 2 3 3 245322
1751 2 3 3 337440
1759 2 3 3 279000
1770 2 3 3 257076
1776 2 3 3 292740
1781 2 3 3 203616
1794 2 3 3 317925
1800 2 3 3 311580
1805 2 3 3 233188
1827 2 3 3 203148
1833 2 3 3 409860
1840 2 3 3 460404
1846 2 3 3 235440
1857 2 3 3 328200
1859 2 3 3 285376
1863 2 3 3 258804
1865 2 3 3 207298
1871 2 3 3 262056
1882 2 3 3 344850
1886 2 3 3 241920
1888 2 3 3 234494
1889 2 3 3 251424
1891 2 3 3 280108
1900 2 3 3 289977
1910 2 3 3 232560
1916 2 3 3 390096
1945 2 3 3 403656
1966 2 3 3 231480
1989 2 3 3 358494
1990 2 3 3 229392
1998 2 3 3 256455
2020 2 3 3 224329
2025 2 3 3 311508
2036 2 3 3 249280
2049 2 3 3 401436
2078 2 3 3 324171
2088 2 3 3 232356
2090 2 3 3 351436
2099 2 3 3 261972
2112 2 3 3 294792
2130 2 3 3 236520
2134 2 3 3 314960
2140 2 3 3 261744
2147 2 3 3 206955
2151 2 3 3 274912
2187 2 3 3 393738
2192 2 3 3 218300
2200 2 3 3 278880
2203 2 3 3 239334
2225 2 3 3 306856
2251 2 3 3 217002
2253 2 3 3 234696
2264 2 3 3 385920
2267 2 3 3 295987
2290 2 3 3 256680
2305 2 3 3 261630
2306 2 3 3 288600
2310 2 3 3 417410
2342 2 3 3 341296
2408 2 3 3 484704
2415 2 3 3 211312
2416 2 3 3 322524
2418 2 3 3 249744
2426 2 3 3 431040
2429 2 3 3 345948
2467 2 3 3 436590
2499 2 3 3 240642
2514 2 3 3 313048
2552 2 3 3 492420
2582 2 3 3 265740
2584 2 3 3 225893
2596 2 3 3 214890
2605 2 3 3 219185
2608 2 3 3 210188
2624 2 3 3 499950
2629 2 3 3 258264
2630 2 3 3 387696
2639 2 3 3 241500
2641 2 3 3 293018
2660 2 3 3 227200
2680 2 3 3 267330
2689 2 3 3 211900
2695 2 3 3 262260
2706 2 3 3 215784
2712 2 3 3 327484
2717 2 3 3 348000
2734 2 3 3 204052
2735 2 3 3 297675
2737 2 3 3 301440
2750 2 3 3 274176
2752 2 3 3 230175
2753 2 3 3 217455
2763 2 3 3 447272
2792 2 3 3 328104
2805 2 3 3 230928
2807 2 3 3 221088
2836 2 3 3 266682
2845 2 3 3 303232
2891 2 3 3 305487
2892 2 3 3 231952
2900 2 3 3 235107
2909 2 3 3 214173
2911 2 3 3 333324
2914 2 3 3 253914
2916 2 3 3 297932
2956 2 3 3 231954
2959 2 3 3 305900
2969 2 3 3 221439
2972 2 3 3 335940
2976 2 3 3 286750
2979 2 3 3 266168
2982 2 3 3 213300
2985 2 3 3 368632
2989 2 3 3 291280
3004 2 3 3 216960
3016 2 3 3 244188
3039 2 3 3 265100
3043 2 3 3 205410
3049 2 3 3 328446
3058 2 3 3 318087
3059 2 3 3 262280
3072 2 3 3 279174
3082 2 3 3 416232
3084 2 3 3 315003
3091 2 3 3 283152
3094 2 3 3 254259
3095 2 3 3 247968
3096 2 3 3 346032
3099 2 3 3 211596
3111 2 3 3 330480
3125 2 3 3 454860
3134 2 3 3 327877
3158 2 3 3 379848
3215 2 3 3 386880
3218 2 3 3 449568
3261 2 3 3 427648
3278 2 3 3 424116
3310 2 3 3 440202
3364 2 3 3 401760
3368 2 3 3 333591
3371 2 3 3 374715
3380 2 3 3 370260
3384 2 3 3 316316
3412 2 3 3 387030
3428 2 3 3 434826
3451 2 3 3 461565
3467 2 3 3 345625
3468 2 3 3 426720
3497 2 3 3 347988
3504 2 3 3 315252
3506 2 3 3 376290
3519 2 3 3 310958
3542 2 3 3 338548
3551 2 3 3 334590
3557 2 3 3 383775
3578 2 3 3 301038
3626 2 3 3 362880
3630 2 3 3 378000
3651 2 3 3 323190
3661 2 3 3 381140
3741 2 3 3 457071
3752 2 3 3 306360
3760 2 3 3 481185
3790 2 3 3 347553
3795 2 3 3 440455
3834 2 3 3 317520
3856 2 3 3 323474
3888 2 3 3 413067
3905 2 3 3 345873
3963 2 3 3 334815
3981 2 3 3 401980
3984 2 3 3 374544
3998 2 3 3 309225
4022 2 3 3 346752
4036 2 3 3 300235
4043 2 3 3 355482
4065 2 3 3 480392
4076 2 3 3 313290
4110 2 3 3 395622
4163 2 3 3 358560
4165 2 3 3 357896
4237 2 3 3 335790
4275 2 3 3 333940
4281 2 3 3 486720
4298 2 3 3 322920
4303 2 3 3 356748
4393 2 3 3 458944
4445 2 3 3 405384
4481 2 3 3 395776
4520 2 3 3 311199
4560 2 3 3 388648
4594 2 3 3 301725
4711 2 3 3 476593
4754 2 3 3 321024
4756 2 3 3 365490
4802 2 3 3 392472
4854 2 3 3 376540
4879 2 3 3 314928
4930 2 3 3 301541
4962 2 3 3 497664
5075 2 3 3 390258
5082 2 3 3 398266
5115 2 3 3 316216
5118 2 3 3 391248
5120 2 3 3 395604
5244 2 3 3 306816
5256 2 3 3 342798
5321 2 3 3 363408
5325 2 3 3 315228
5340 2 3 3 314944
5370 2 3 3 383984
5372 2 3 3 404796
5376 2 3 3 316800
5424 2 3 3 349624
5454 2 3 3 304056
5468 2 3 3 490936
5515 2 3 3 344284
5556 2 3 3 376461
5637 2 3 3 330750
5666 2 3 3 489762
5729 2 3 3 399672
5759 2 3 3 303044
5866 2 3 3 362043
5875 2 3 3 351372
5916 2 3 3 312732
5946 2 3 3 367416
5959 2 3 3 303646
5966 2 3 3 412224
5973 2 3 3 325470
5980 2 3 3 307224
6060 2 3 3 337896
6061 2 3 3 324890
6096 2 3 3 344646
6103 2 3 3 425736
6188 2 3 3 353298
6217 2 3 3 328944
6262 2 3 3 403200
6268 2 3 3 301300
6274 2 3 3 471942
6279 2 3 3 321678
6336 2 3 3 444768
6361 2 3 3 365160
6378 2 3 3 408240
6396 2 3 3 304368
6467 2 3 3 308616
6484 2 3 3 350427
6490 2 3 3 427782
6499 2 3 3 329280
6536 2 3 3 303744
6544 2 3 3 334848
6562 2 3 3 377454
6618 2 3 3 397743
6623 2 3 3 327888
6626 2 3 3 312488
6639 2 3 3 330577
6687 2 3 3 475104
6804 2 3 3 439824
6835 2 3 3 486720
6887 2 3 3 420360
6911 2 3 3 315033
6933 2 3 3 330416
7105 2 3 3 454812
7173 2 3 3 339404
7191 2 3 3 368424
7195 2 3 3 366282
7243 2 3 3 444264
7251 2 3 3 315120
7284 2 3 3 381780
7297 2 3 3 306432
7358 2 3 3 333432
7364 2 3 3 323736
7381 2 3 3 304956
7390 2 3 3 311182
7392 2 3 3 318976
7399 2 3 3 362516
7440 2 3 3 362040
7442 2 3 3 313632
7479 2 3 3 335792
7501 2 3 3 316416
7548 2 3 3 395808
7646 2 3 3 462800
7670 2 3 3 302148
7693 2 3 3 376336
7749 2 3 3 373120
7763 2 3 3 372526
7833 2 3 3 465426
7839 2 3 3 479829
7842 2 3 3 491832
7904 2 3 3 424428
7906 2 3 3 340080
7908 2 3 3 315700
7910 2 3 3 341502
7974 2 3 3 487458
8178 2 3 3 408240
8377 2 3 3 401632
8421 2 3 3 409725
8470 2 3 3 409370
8647 2 3 3 428400
8672 2 3 3 469580
8787 2 3 3 400314
8956 2 3 3 428544
8982 2 3 3 427868
9013 2 3 3 459816
9064 2 3 3 424860
9075 2 3 3 402906
9259 2 3 3 493028
9263 2 3 3 482112
9271 2 3 3 402050
9597 2 3 3 415350
9650 2 3 3 412184
9771 2 3 3 432120
9997 2 3 3 495838
10061 2 3 3 476280
10088 2 3 3 427671
10200 2 3 3 440112
10698 2 3 3 440858
10802 2 3 3 466101
10885 2 3 3 461160
10925 2 3 3 408918
11164 2 3 3 409248
11204 2 3 3 417897
11383 2 3 3 436872
11434 2 3 3 491385
11567 2 3 3 460460
11586 2 3 3 407696
11751 2 3 3 460530
11784 2 3 3 440076
11837 2 3 3 487200
11924 2 3 3 442288
12030 2 3 3 413007
12443 2 3 3 404208
12721 2 3 3 476280
12769 2 3 3 462956
12801 2 3 3 408216
12802 2 3 3 434079
13133 2 3 3 480792
13226 2 3 3 444180
13322 2 3 3 431046
13685 2 3 3 408072
13779 2 3 3 445060
14225 2 3 3 445440
14248 2 3 3 404005
14559 2 3 3 496496
14711 2 3 3 465560
15033 2 3 3 476134
15190 2 3 3 485970
15225 2 3 3 480483
15385 2 3 3 426756
15419 2 3 3 413721
15536 2 3 3 420876
15599 2 3 3 418564
15636 2 3 3 449872
15872 2 3 3 413960
15917 2 3 3 422275
15999 2 3 3 477120
16177 2 3 3 417789
16249 2 3 3 474045
16332 2 3 3 404376
16386 2 3 3 428400
16484 2 3 3 425730
16517 2 3 3 432345
16520 2 3 3 479667
16603 2 3 3 405223
16976 2 3 3 400608
17051 2 3 3 421308
17173 2 3 3 404328
17187 2 3 3 402852
17283 2 3 3 404352
17658 2 3 3 429308
17836 2 3 3 444664
17842 2 3 3 423434
18039 2 3 3 476928
18071 2 3 3 462882
18139 2 3 3 493488
18293 2 3 3 417632
18376 2 3 3 403392
18550 2 3 3 450225
18563 2 3 3 457470
18583 2 3 3 411588
18767 2 3 3 497376
19068 2 3 3 434042
19083 2 3 3 456456
19427 2 3 3 406098
19516 2 3 3 435092
19740 2 3 3 447282
19826 2 3 3 417360
19833 2 3 3 443898
20013 2 3 3 410220
20331 2 3 3 478404
20611 2 3 3 463584
20852 2 3 3 448560
20987 2 3 3 451950
21057 2 3 3 457938
21107 2 3 3 471744
21234 2 3 3 457056
21337 2 3 3 499950
21549 2 3 3 497664
21560 2 3 3 414252
21702 2 3 3 426216
21772 2 3 3 457272
21812 2 3 3 451023
21857 2 3 3 406492
21969 2 3 3 465120
22018 2 3 3 481140
22249 2 3 3 418653
22423 2 3 3 471001
22478 2 3 3 490670
22619 2 3 3 402194
22673 2 3 3 434588
22787 2 3 3 455400
22793 2 3 3 400698
22966 2 3 3 443961
23088 2 3 3 417100
23129 2 3 3 401781
23243 2 3 3 419679
23252 2 3 3 403308
23324 2 3 3 466288
23339 2 3 3 421070
23495 2 3 3 416640
23821 2 3 3 461700
23884 2 3 3 476928
23954 2 3 3 406500
24154 2 3 3 423870
24378 2 3 3 499950
24394 2 3 3 435666
24531 2 3 3 421152
24647 2 3 3 412832
