1337 2 3 4 2001608
231 2 3 4 2004000
69 2 3 4 2022048
292 2 3 4 2027520
1304 2 3 4 2028000
953 2 3 4 2031644
926 2 3 4 2039368
166 2 3 4 2039392
31 2 3 4 2040792
1303 2 3 4 2043744
447 2 3 4 2045310
942 2 3 4 2047348
208 2 3 4 2050240
246 2 3 4 2057496
1102 2 3 4 2057704
211 2 3 4 2058560
636 2 3 4 2060452
12 2 3 4 2062260
1327 2 3 4 2066928
912 2 3 4 2068588
689 2 3 4 2079396
1184 2 3 4 2082048
749 2 3 4 2089710
1143 2 3 4 2096640
1024 2 3 4 2097280
226 2 3 4 2111900
1195 2 3 4 2117232
988 2 3 4 2117232
520 2 3 4 2118760
690 2 3 4 2120400
796 2 3 4 2132155
88 2 3 4 2134002
930 2 3 4 2139336
1214 2 3 4 2147220
207 2 3 4 2147974
358 2 3 4 2150736
1358 2 3 4 2156880
1217 2 3 4 2160656
1317 2 3 4 2164068
894 2 3 4 2167074
964 2 3 4 2179590
216 2 3 4 2185020
590 2 3 4 2188920
253 2 3 4 2191680
315 2 3 4 2196576
1126 2 3 4 2201352
495 2 3 4 2211394
96 2 3 4 2213280
657 2 3 4 2224332
245 2 3 4 2229552
1371 2 3 4 2239354
335 2 3 4 2239545
1338 2 3 4 2243328
1279 2 3 4 2254392
1054 2 3 4 2255902
1199 2 3 4 2260664
37 2 3 4 2264672
902 2 3 4 2283588
263 2 3 4 2296800
1346 2 3 4 2302272
996 2 3 4 2303028
577 2 3 4 2304186
1434 2 3 4 2309440
720 2 3 4 2316303
158 2 3 4 2316960
1013 2 3 4 2317440
1131 2 3 4 2318704
1097 2 3 4 2324664
1326 2 3 4 2336328
182 2 3 4 2344160
800 2 3 4 2346080
823 2 3 4 2361216
1215 2 3 4 2361744
890 2 3 4 2368440
511 2 3 4 2374440
834 2 3 4 2390300
455 2 3 4 2394000
255 2 3 4 2395120
968 2 3 4 2397528
1122 2 3 4 2411150
1474 2 3 4 2419264
1100 2 3 4 2434320
133 2 3 4 2434812
943 2 3 4 2443980
1437 2 3 4 2444376
724 2 3 4 2446179
1172 2 3 4 2446884
980 2 3 4 2447544
946 2 3 4 2448584
1210 2 3 4 2449914
1277 2 3 4 2449920
346 2 3 4 2459016
1396 2 3 4 2459992
714 2 3 4 2463456
1397 2 3 4 2465408
546 2 3 4 2470320
1085 2 3 4 2473104
999 2 3 4 2473536
623 2 3 4 2486772
224 2 3 4 2488000
444 2 3 4 2510016
1296 2 3 4 2511744
380 2 3 4 2513700
1132 2 3 4 2514795
369 2 3 4 2516952
1364 2 3 4 2527020
1791 2 3 4 2528640
827 2 3 4 2529054
1932 2 3 4 2529600
1906 2 3 4 2538690
1454 2 3 4 2543512
1861 2 3 4 2550680
1267 2 3 4 2553078
125 2 3 4 2558628
289 2 3 4 2564240
1128 2 3 4 2567672
1433 2 3 4 2570020
1349 2 3 4 2578589
572 2 3 4 2587200
768 2 3 4 2592036
1414 2 3 4 2606636
1156 2 3 4 2613168
402 2 3 4 2616900
1783 2 3 4 2624616
879 2 3 4 2629632
62 2 3 4 2632912
1744 2 3 4 2633856
924 2 3 4 2640168
666 2 3 4 2646798
895 2 3 4 2650752
197 2 3 4 2651184
1011 2 3 4 2661612
695 2 3 4 2664090
496 2 3 4 2664548
1543 2 3 4 2664560
1067 2 3 4 2672096
1226 2 3 4 2674900
1745 2 3 4 2683800
144 2 3 4 2687800
1903 2 3 4 2688360
533 2 3 4 2689806
1219 2 3 4 2690304
80 2 3 4 2691792
1726 2 3 4 2706480
385 2 3 4 2711730
683 2 3 4 2719862
463 2 3 4 2735980
959 2 3 4 2737646
1074 2 3 4 2738124
1531 2 3 4 2741130
502 2 3 4 2741680
971 2 3 4 2749110
1503 2 3 4 2749488
785 2 3 4 2752552
1163 2 3 4 2753724
1455 2 3 4 2758350
288 2 3 4 2760120
392 2 3 4 2765324
716 2 3 4 2773440
1880 2 3 4 2774568
687 2 3 4 2775240
743 2 3 4 2791289
1578 2 3 4 2798050
1649 2 3 4 2813568
615 2 3 4 2817520
1790 2 3 4 2817600
1875 2 3 4 2819504
595 2 3 4 2828428
297 2 3 4 2830968
1644 2 3 4 2831400
249 2 3 4 2839600
588 2 3 4 2841414
957 2 3 4 2842784
713 2 3 4 2844940
935 2 3 4 2854410
1030 2 3 4 2865984
921 2 3 4 2873104
261 2 3 4 2891442
1394 2 3 4 2898140
761 2 3 4 2904394
919 2 3 4 2906198
1904 2 3 4 2909445
759 2 3 4 2910072
688 2 3 4 2910268
662 2 3 4 2919616
896 2 3 4 2920125
886 2 3 4 2931552
1052 2 3 4 2932575
1614 2 3 4 2941239
1018 2 3 4 2949450
1735 2 3 4 2956802
1113 2 3 4 2957436
1590 2 3 4 2959836
110 2 3 4 2962048
20 2 3 4 2962400
373 2 3 4 2977104
1541 2 3 4 2977920
236 2 3 4 2993070
493 2 3 4 2995782
1272 2 3 4 2998028
294 2 3 4 3000320
2056 2 3 4 3008714
503 2 3 4 3012139
1299 2 3 4 3017728
1819 2 3 4 3018928
869 2 3 4 3020950
364 2 3 4 3027360
1471 2 3 4 3044188
1167 2 3 4 3049216
5 2 3 4 3051852
1288 2 3 4 3052544
1886 2 3 4 3057632
2105 2 3 4 3061008
1530 2 3 4 3068408
4 2 3 4 3076920
1005 2 3 4 3079140
1314 2 3 4 3083850
251 2 3 4 3093792
1148 2 3 4 3097304
1511 2 3 4 3103232
1335 2 3 4 3103812
1286 2 3 4 3104540
1581 2 3 4 3115992
2310 2 3 4 3120592
1432 2 3 4 3127104
643 2 3 4 3133728
654 2 3 4 3139424
2237 2 3 4 3145848
1468 2 3 4 3155296
798 2 3 4 3156640
2037 2 3 4 3162864
1640 2 3 4 3166920
372 2 3 4 3167616
884 2 3 4 3168332
1537 2 3 4 3188480
1072 2 3 4 3200752
119 2 3 4 3202920
1374 2 3 4 3204816
648 2 3 4 3212976
1833 2 3 4 3215300
2287 2 3 4 3215856
1887 2 3 4 3217328
1828 2 3 4 3223524
56 2 3 4 3224826
1662 2 3 4 3228948
1366 2 3 4 3245760
918 2 3 4 3254072
157 2 3 4 3260224
1058 2 3 4 3273138
1391 2 3 4 3275712
306 2 3 4 3290004
1615 2 3 4 3291816
566 2 3 4 3297780
2174 2 3 4 3305162
116 2 3 4 3309735
145 2 3 4 3309852
548 2 3 4 3315200
1308 2 3 4 3325440
810 2 3 4 3325880
1244 2 3 4 3330432
2255 2 3 4 3336543
183 2 3 4 3350498
1811 2 3 4 3351192
1862 2 3 4 3356520
206 2 3 4 3360928
1571 2 3 4 3361215
774 2 3 4 3361260
1354 2 3 4 3368040
956 2 3 4 3369072
2044 2 3 4 3369600
805 2 3 4 3373032
686 2 3 4 3379300
1636 2 3 4 3381840
153 2 3 4 3382456
1287 2 3 4 3383100
1621 2 3 4 3392088
170 2 3 4 3395744
2280 2 3 4 3396568
483 2 3 4 3398880
2068 2 3 4 3417752
1150 2 3 4 3422104
345 2 3 4 3423504
316 2 3 4 3424576
1441 2 3 4 3424638
833 2 3 4 3426192
1774 2 3 4 3427272
951 2 3 4 3437440
627 2 3 4 3446940
1319 2 3 4 3456096
1591 2 3 4 3456432
1096 2 3 4 3461385
79 2 3 4 3470346
1804 2 3 4 3470544
1332 2 3 4 3482208
138 2 3 4 3486720
1196 2 3 4 3487200
1908 2 3 4 3487837
665 2 3 4 3489024
85 2 3 4 3498660
2202 2 3 4 3499340
2622 2 3 4 3509388
2468 2 3 4 3510360
1053 2 3 4 3511144
1512 2 3 4 3511872
607 2 3 4 3513356
1233 2 3 4 3516845
1564 2 3 4 3525210
1990 2 3 4 3531264
2100 2 3 4 3538688
235 2 3 4 3545700
1723 2 3 4 3549372
418 2 3 4 3561768
878 2 3 4 3569664
947 2 3 4 3577360
2241 2 3 4 3582984
885 2 3 4 3584416
278 2 3 4 3591684
592 2 3 4 3593848
1576 2 3 4 3594728
360 2 3 4 3599518
532 2 3 4 3615570
2116 2 3 4 3619168
1673 2 3 4 3620732
1869 2 3 4 3621044
1553 2 3 4 3622920
366 2 3 4 3623130
268 2 3 4 3628352
1986 2 3 4 3628480
1916 2 3 4 3631096
563 2 3 4 3644072
678 2 3 4 3651480
1399 2 3 4 3665544
1808 2 3 4 3679698
1879 2 3 4 3686200
504 2 3 4 3687720
684 2 3 4 3688368
1587 2 3 4 3691944
115 2 3 4 3693408
1421 2 3 4 3697735
1550 2 3 4 3708268
1301 2 3 4 3712808
461 2 3 4 3714030
2511 2 3 4 3729880
427 2 3 4 3739200
428 2 3 4 3743128
1627 2 3 4 3746160
2062 2 3 4 3749160
2137 2 3 4 3760790
1617 2 3 4 3763296
553 2 3 4 3763728
13 2 3 4 3765028
1653 2 3 4 3766392
691 2 3 4 3773985
2295 2 3 4 3775308
2503 2 3 4 3782144
1771 2 3 4 3783000
1091 2 3 4 3785076
753 2 3 4 3786872
613 2 3 4 3805892
2306 2 3 4 3809880
2492 2 3 4 3814128
1583 2 3 4 3814446
1428 2 3 4 3822850
1044 2 3 4 3823996
1040 2 3 4 3830164
1176 2 3 4 3837033
2155 2 3 4 3842136
135 2 3 4 3849640
539 2 3 4 3853408
121 2 3 4 3859544
2220 2 3 4 3864192
1979 2 3 4 3866557
2301 2 3 4 3868248
2129 2 3 4 3871296
29 2 3 4 3889480
505 2 3 4 3889872
1430 2 3 4 3891375
2668 2 3 4 3907024
2441 2 3 4 3907584
1055 2 3 4 3919296
1877 2 3 4 3923184
515 2 3 4 3923424
1488 2 3 4 3927519
1675 2 3 4 3929600
2165 2 3 4 3930584
8 2 3 4 3939208
1957 2 3 4 3939696
354 2 3 4 3953222
487 2 3 4 3954368
1797 2 3 4 3955840
1123 2 3 4 3957138
2175 2 3 4 3962598
529 2 3 4 3963792
391 2 3 4 3964180
2119 2 3 4 3971844
2547 2 3 4 3972072
1776 2 3 4 3973336
1515 2 3 4 3981120
129 2 3 4 3986713
240 2 3 4 3988200
1451 2 3 4 4023492
93 2 3 4 4031547
1572 2 3 4 4040184
1312 2 3 4 4043880
2584 2 3 4 4057610
2980 2 3 4 4058020
2115 2 3 4 4060170
2786 2 3 4 4061820
38 2 3 4 4061960
2870 2 3 4 4073400
2892 2 3 4 4073760
2965 2 3 4 4075456
1929 2 3 4 4076505
2746 2 3 4 4078800
445 2 3 4 4082944
506 2 3 4 4088652
112 2 3 4 4091088
1577 2 3 4 4095000
555 2 3 4 4096560
1310 2 3 4 4103120
318 2 3 4 4103232
3330 2 3 4 4103904
1077 2 3 4 4106896
742 2 3 4 4108036
2792 2 3 4 4111172
1912 2 3 4 4111250
1566 2 3 4 4111316
614 2 3 4 4112000
284 2 3 4 4112619
2619 2 3 4 4113528
923 2 3 4 4116448
152 2 3 4 4119156
1592 2 3 4 4126580
1408 2 3 4 4128516
763 2 3 4 4137468
2771 2 3 4 4147925
2525 2 3 4 4148736
887 2 3 4 4148972
1015 2 3 4 4151140
1727 2 3 4 4168024
3341 2 3 4 4173728
1846 2 3 4 4179544
1280 2 3 4 4183872
1623 2 3 4 4189170
2083 2 3 4 4196400
390 2 3 4 4211200
1452 2 3 4 4212000
1700 2 3 4 4214712
2030 2 3 4 4222440
2120 2 3 4 4226500
1435 2 3 4 4227600
1687 2 3 4 4230856
2842 2 3 4 4231500
853 2 3 4 4233396
1379 2 3 4 4235220
2337 2 3 4 4240080
1478 2 3 4 4241160
901 2 3 4 4249882
3056 2 3 4 4266054
855 2 3 4 4271880
2659 2 3 4 4287552
1482 2 3 4 4288896
1221 2 3 4 4290880
1166 2 3 4 4291716
2610 2 3 4 4301778
3087 2 3 4 4303896
809 2 3 4 4318836
2993 2 3 4 4321728
2565 2 3 4 4326210
788 2 3 4 4330944
1045 2 3 4 4333440
485 2 3 4 4334256
41 2 3 4 4336100
2475 2 3 4 4343934
618 2 3 4 4357888
1140 2 3 4 4362666
1981 2 3 4 4362708
1076 2 3 4 4363200
1240 2 3 4 4365648
3306 2 3 4 4377726
3322 2 3 4 4383104
2762 2 3 4 4385832
1648 2 3 4 4386564
764 2 3 4 4397760
928 2 3 4 4399424
3 2 3 4 4434100
1863 2 3 4 4445216
611 2 3 4 4447680
754 2 3 4 4449052
118 2 3 4 4454824
484 2 3 4 4466932
1716 2 3 4 4467960
2929 2 3 4 4470888
2104 2 3 4 4472160
2877 2 3 4 4472200
2601 2 3 4 4475250
652 2 3 4 4477152
583 2 3 4 4482816
2907 2 3 4 4490192
733 2 3 4 4498650
1883 2 3 4 4500720
3267 2 3 4 4504680
3008 2 3 4 4509960
1766 2 3 4 4511624
3059 2 3 4 4511880
2830 2 3 4 4516204
2810 2 3 4 4531163
2952 2 3 4 4531752
1731 2 3 4 4553472
1934 2 3 4 4559808
1844 2 3 4 4568812
3672 2 3 4 4572810
1119 2 3 4 4573808
2265 2 3 4 4586448
2391 2 3 4 4590848
1479 2 3 4 4594128
697 2 3 4 4594625
2495 2 3 4 4595496
857 2 3 4 4599180
1063 2 3 4 4600128
151 2 3 4 4600570
3150 2 3 4 4602474
1931 2 3 4 4611744
4479 2 3 4 4617090
705 2 3 4 4621392
1037 2 3 4 4625700
2014 2 3 4 4628628
2894 2 3 4 4635730
362 2 3 4 4642464
2524 2 3 4 4652648
584 2 3 4 4659840
3994 2 3 4 4660192
4078 2 3 4 4661808
4499 2 3 4 4667408
3490 2 3 4 4676672
1353 2 3 4 4685358
1114 2 3 4 4689240
1125 2 3 4 4690496
181 2 3 4 4699128
462 2 3 4 4700484
2706 2 3 4 4705056
1499 2 3 4 4707360
916 2 3 4 4709088
3113 2 3 4 4711080
780 2 3 4 4715520
2641 2 3 4 4721400
3503 2 3 4 4727268
280 2 3 4 4729043
3201 2 3 4 4730400
1265 2 3 4 4731648
2291 2 3 4 4731840
1661 2 3 4 4744256
4275 2 3 4 4745024
4618 2 3 4 4748484
4299 2 3 4 4751316
3142 2 3 4 4756048
433 2 3 4 4760000
3493 2 3 4 4760140
3290 2 3 4 4760840
4950 2 3 4 4766680
4803 2 3 4 4772400
4778 2 3 4 4777640
2369 2 3 4 4778550
2110 2 3 4 4782620
2733 2 3 4 4783632
4388 2 3 4 4784400
126 2 3 4 4790384
2440 2 3 4 4790916
2161 2 3 4 4792536
3255 2 3 4 4796587
4531 2 3 4 4802976
4081 2 3 4 4807054
1695 2 3 4 4820652
303 2 3 4 4824780
4549 2 3 4 4828413
1560 2 3 4 4831428
4946 2 3 4 4837400
1136 2 3 4 4846392
190 2 3 4 4850400
2232 2 3 4 4855288
4650 2 3 4 4866840
3314 2 3 4 4870992
3339 2 3 4 4875080
3259 2 3 4 4879924
1477 2 3 4 4889430
903 2 3 4 4892816
2367 2 3 4 4897620
558 2 3 4 4904900
3706 2 3 4 4913238
4406 2 3 4 4935168
5006 2 3 4 4935280
2569 2 3 4 4939008
480 2 3 4 4939008
2874 2 3 4 4943132
989 2 3 4 4952160
837 2 3 4 4953708
2251 2 3 4 4977676
2770 2 3 4 4988880
3348 2 3 4 4991361
1660 2 3 4 4999820
4841 2 3 4 5006232
3015 2 3 4 5008284
513 2 3 4 5008312
3814 2 3 4 5008696
2928 2 3 4 5009050
3443 2 3 4 5010476
2286 2 3 4 5010512
3252 2 3 4 5011760
2107 2 3 4 5031228
816 2 3 4 5052960
4748 2 3 4 5054960
474 2 3 4 5059776
4994 2 3 4 5066208
1769 2 3 4 5068640
2554 2 3 4 5070000
3531 2 3 4 5074528
3716 2 3 4 5087208
2294 2 3 4 5089454
4708 2 3 4 5091632
2750 2 3 4 5105704
2201 2 3 4 5105964
2470 2 3 4 5110636
739 2 3 4 5114280
2630 2 3 4 5121984
5001 2 3 4 5121984
3158 2 3 4 5122748
1568 2 3 4 5125680
1948 2 3 4 5136950
4768 2 3 4 5142500
1779 2 3 4 5143230
3661 2 3 4 5144580
1768 2 3 4 5157216
2196 2 3 4 5161200
1187 2 3 4 5166000
3340 2 3 4 5172306
2190 2 3 4 5183208
711 2 3 4 5191560
3579 2 3 4 5195964
3826 2 3 4 5197818
3733 2 3 4 5200800
3629 2 3 4 5202817
74 2 3 4 5212480
4868 2 3 4 5221140
2529 2 3 4 5223316
2658 2 3 4 5231240
2278 2 3 4 5237656
1582 2 3 4 5245568
2729 2 3 4 5246682
4073 2 3 4 5256360
3830 2 3 4 5261736
791 2 3 4 5265574
4195 2 3 4 5267802
1898 2 3 4 5268016
2426 2 3 4 5269744
4417 2 3 4 5271168
1516 2 3 4 5274080
2548 2 3 4 5274786
248 2 3 4 5285040
4635 2 3 4 5292360
1911 2 3 4 5299480
4972 2 3 4 5305300
3393 2 3 4 5308800
3286 2 3 4 5320008
677 2 3 4 5324256
4339 2 3 4 5324424
359 2 3 4 5325300
1857 2 3 4 5330388
1069 2 3 4 5335440
5015 2 3 4 5336646
3799 2 3 4 5338854
5086 2 3 4 5343840
4954 2 3 4 5344444
3635 2 3 4 5362752
2909 2 3 4 5365248
2416 2 3 4 5366552
492 2 3 4 5379712
2205 2 3 4 5380096
1544 2 3 4 5391360
2649 2 3 4 5402232
310 2 3 4 5409604
3030 2 3 4 5410668
3651 2 3 4 5417280
2242 2 3 4 5423004
3686 2 3 4 5424384
2456 2 3 4 5428500
4263 2 3 4 5429632
491 2 3 4 5433120
53 2 3 4 5433560
2477 2 3 4 5435760
16 2 3 4 5440944
1061 2 3 4 5442720
1329 2 3 4 5446172
500 2 3 4 5448976
535 2 3 4 5449448
1424 2 3 4 5453088
3206 2 3 4 5458548
177 2 3 4 5460096
105 2 3 4 5473188
4021 2 3 4 5482464
1759 2 3 4 5494432
1826 2 3 4 5507776
6406 2 3 4 5507832
3868 2 3 4 5510736
5030 2 3 4 5511168
824 2 3 4 5515755
609 2 3 4 5518008
17 2 3 4 5524100
5329 2 3 4 5524456
645 2 3 4 5529384
1415 2 3 4 5532450
78 2 3 4 5540280
194 2 3 4 5541088
113 2 3 4 5544936
6091 2 3 4 5561052
3408 2 3 4 5565504
1525 2 3 4 5569404
3116 2 3 4 5571598
304 2 3 4 5579310
969 2 3 4 5583300
829 2 3 4 5584572
4579 2 3 4 5588980
3335 2 3 4 5599500
1392 2 3 4 5599800
4336 2 3 4 5609940
1406 2 3 4 5623200
25 2 3 4 5626368
1485 2 3 4 5628000
5600 2 3 4 5629320
6290 2 3 4 5633628
275 2 3 4 5636176
6032 2 3 4 5641458
4851 2 3 4 5648598
6491 2 3 4 5660480
1538 2 3 4 5662404
305 2 3 4 5672896
3352 2 3 4 5677760
5455 2 3 4 5696640
1300 2 3 4 5713160
6037 2 3 4 5713256
731 2 3 4 5718064
3984 2 3 4 5721408
1606 2 3 4 5732040
3906 2 3 4 5740816
2418 2 3 4 5742660
1006 2 3 4 5742765
6028 2 3 4 5753180
6367 2 3 4 5754240
5290 2 3 4 5754816
981 2 3 4 5756625
6409 2 3 4 5758944
1173 2 3 4 5762928
4766 2 3 4 5763120
5669 2 3 4 5767728
1222 2 3 4 5773152
5731 2 3 4 5780820
2071 2 3 4 5791184
2324 2 3 4 5798200
5942 2 3 4 5805800
6341 2 3 4 5806164
992 2 3 4 5809454
659 2 3 4 5812920
6264 2 3 4 5815908
1569 2 3 4 5820688
5832 2 3 4 5826240
1050 2 3 4 5829120
5270 2 3 4 5834640
4199 2 3 4 5840600
3492 2 3 4 5844870
4758 2 3 4 5848832
1083 2 3 4 5849376
781 2 3 4 5853320
3098 2 3 4 5855616
5194 2 3 4 5860800
143 2 3 4 5861376
5628 2 3 4 5867560
6090 2 3 4 5868450
5523 2 3 4 5878290
2299 2 3 4 5885434
400 2 3 4 5889112
5937 2 3 4 5892761
3942 2 3 4 5896864
1507 2 3 4 5908800
2593 2 3 4 5915676
3808 2 3 4 5922376
4985 2 3 4 5922960
3641 2 3 4 5925625
4804 2 3 4 5926312
557 2 3 4 5928000
4436 2 3 4 5931780
2600 2 3 4 5948874
3279 2 3 4 5949300
3469 2 3 4 5954144
2854 2 3 4 5961948
5948 2 3 4 5972722
4468 2 3 4 5975760
5634 2 3 4 5979768
1496 2 3 4 5985960
1533 2 3 4 5986704
540 2 3 4 5989344
3850 2 3 4 5999532
9848 2 3 4 6014120
7232 2 3 4 6016166
9384 2 3 4 6020850
8442 2 3 4 6024084
612 2 3 4 6025140
3564 2 3 4 6031776
625 2 3 4 6034358
1878 2 3 4 6039252
5611 2 3 4 6045286
6291 2 3 4 6048768
5544 2 3 4 6050520
5261 2 3 4 6055560
9233 2 3 4 6058872
4143 2 3 4 6061440
2364 2 3 4 6063340
49 2 3 4 6063552
8701 2 3 4 6063552
6194 2 3 4 6075732
7878 2 3 4 6078052
5584 2 3 4 6082404
10238 2 3 4 6082424
9332 2 3 4 6085244
7979 2 3 4 6091008
3367 2 3 4 6091190
536 2 3 4 6106256
5258 2 3 4 6109320
9071 2 3 4 6114778
1236 2 3 4 6130880
7693 2 3 4 6135504
1659 2 3 4 6139012
1480 2 3 4 6140704
755 2 3 4 6145140
7408 2 3 4 6148966
8785 2 3 4 6150304
1594 2 3 4 6152460
9182 2 3 4 6167340
10113 2 3 4 6168980
5277 2 3 4 6169024
4548 2 3 4 6171274
6353 2 3 4 6171282
2652 2 3 4 6174764
2921 2 3 4 6178784
9958 2 3 4 6182544
1181 2 3 4 6185808
2225 2 3 4 6186048
4625 2 3 4 6187824
6002 2 3 4 6196156
1994 2 3 4 6232248
8133 2 3 4 6234960
1328 2 3 4 6255793
6786 2 3 4 6256288
5604 2 3 4 6261729
399 2 3 4 6262176
9383 2 3 4 6267780
3617 2 3 4 6277124
8256 2 3 4 6279712
9647 2 3 4 6279811
1249 2 3 4 6283952
9880 2 3 4 6286056
4798 2 3 4 6287584
8457 2 3 4 6288992
4782 2 3 4 6289218
8570 2 3 4 6295707
1794 2 3 4 6300540
6155 2 3 4 6301152
2373 2 3 4 6301350
2740 2 3 4 6321312
2716 2 3 4 6321840
1945 2 3 4 6321900
4649 2 3 4 6322248
2629 2 3 4 6322656
2727 2 3 4 6325488
3727 2 3 4 6338723
10205 2 3 4 6339168
2259 2 3 4 6356880
9454 2 3 4 6363351
3970 2 3 4 6370628
2411 2 3 4 6371400
422 2 3 4 6372600
8638 2 3 4 6376008
2653 2 3 4 6389136
2191 2 3 4 6390640
9498 2 3 4 6399440
2976 2 3 4 6405984
7524 2 3 4 6406400
6369 2 3 4 6410448
4639 2 3 4 6410586
9987 2 3 4 6414168
1770 2 3 4 6421884
525 2 3 4 6423138
647 2 3 4 6435910
7812 2 3 4 6437844
6033 2 3 4 6448644
650 2 3 4 6452856
7903 2 3 4 6457968
4163 2 3 4 6463600
4183 2 3 4 6474726
6175 2 3 4 6476820
4537 2 3 4 6485724
5716 2 3 4 6486232
4008 2 3 4 6519084
8653 2 3 4 6519084
2257 2 3 4 6525750
8425 2 3 4 6539436
5293 2 3 4 6547568
5607 2 3 4 6557040
8195 2 3 4 6557300
9242 2 3 4 6559061
5729 2 3 4 6561708
1964 2 3 4 6563700
6390 2 3 4 6565414
4242 2 3 4 6570340
7651 2 3 4 6573592
5028 2 3 4 6573630
8982 2 3 4 6574960
6453 2 3 4 6580930
5996 2 3 4 6587466
237 2 3 4 6592512
7484 2 3 4 6602136
6258 2 3 4 6605200
5410 2 3 4 6608056
9828 2 3 4 6624540
7063 2 3 4 6634576
9601 2 3 4 6643780
9510 2 3 4 6644608
10028 2 3 4 6648400
6926 2 3 4 6650080
8269 2 3 4 6652838
4451 2 3 4 6653696
8885 2 3 4 6656464
2553 2 3 4 6657728
6688 2 3 4 6660720
4783 2 3 4 6665350
6540 2 3 4 6666240
1449 2 3 4 6674038
9252 2 3 4 6677124
3837 2 3 4 6678976
7372 2 3 4 6690720
5739 2 3 4 6692280
10368 2 3 4 6693900
4923 2 3 4 6699624
10032 2 3 4 6712992
2409 2 3 4 6723692
4006 2 3 4 6727580
9650 2 3 4 6728736
787 2 3 4 6739560
1180 2 3 4 6740440
4835 2 3 4 6745440
5680 2 3 4 6750480
7541 2 3 4 6758312
10305 2 3 4 6767808
4546 2 3 4 6775944
6102 2 3 4 6779328
36 2 3 4 6784308
8705 2 3 4 6792728
7432 2 3 4 6802744
4490 2 3 4 6808612
4819 2 3 4 6824352
6512 2 3 4 6825104
2425 2 3 4 6826092
5497 2 3 4 6829632
4984 2 3 4 6829782
1309 2 3 4 6833184
9377 2 3 4 6834927
9697 2 3 4 6846336
5360 2 3 4 6848256
6343 2 3 4 6852768
3305 2 3 4 6858432
4497 2 3 4 6866538
3484 2 3 4 6868194
1823 2 3 4 6870000
8918 2 3 4 6871540
6794 2 3 4 6878880
7 2 3 4 6891048
3623 2 3 4 6911424
5185 2 3 4 6912742
9791 2 3 4 6916048
8540 2 3 4 6921992
7201 2 3 4 6927160
7660 2 3 4 6928796
4119 2 3 4 6931104
10252 2 3 4 6935646
7573 2 3 4 6942012
877 2 3 4 6942600
8998 2 3 4 6943248
4395 2 3 4 6950160
2204 2 3 4 6952852
19 2 3 4 6953760
3810 2 3 4 6960492
4905 2 3 4 6973792
2714 2 3 4 6976164
2140 2 3 4 6976879
8315 2 3 4 6977664
3791 2 3 4 6982992
907 2 3 4 6985016
4446 2 3 4 6986875
1405 2 3 4 6991848
6859 2 3 4 6993000
2596 2 3 4 6995400
3824 2 3 4 6997896
3037 2 3 4 7000056
12712 2 3 4 7009632
14098 2 3 4 7010344
8396 2 3 4 7016420
3171 2 3 4 7016448
819 2 3 4 7016702
7759 2 3 4 7025424
10263 2 3 4 7028512
4739 2 3 4 7033488
9319 2 3 4 7035336
11631 2 3 4 7036266
4016 2 3 4 7041600
9754 2 3 4 7050912
1508 2 3 4 7052886
11128 2 3 4 7057683
6359 2 3 4 7058880
594 2 3 4 7064900
6816 2 3 4 7066800
7296 2 3 4 7070096
11179 2 3 4 7071764
7784 2 3 4 7076240
10798 2 3 4 7079520
12148 2 3 4 7080978
10311 2 3 4 7087584
1725 2 3 4 7088204
1436 2 3 4 7088352
9472 2 3 4 7092272
5520 2 3 4 7112728
1377 2 3 4 7115118
8850 2 3 4 7118604
5172 2 3 4 7120500
12200 2 3 4 7122944
7064 2 3 4 7123824
13177 2 3 4 7129380
3466 2 3 4 7131438
13714 2 3 4 7134520
7576 2 3 4 7141950
2800 2 3 4 7147800
7715 2 3 4 7148438
7721 2 3 4 7157452
12231 2 3 4 7162830
799 2 3 4 7165759
882 2 3 4 7175420
9867 2 3 4 7180956
6384 2 3 4 7182468
12856 2 3 4 7187730
1290 2 3 4 7206059
11469 2 3 4 7206885
12342 2 3 4 7210346
10945 2 3 4 7222824
2223 2 3 4 7240288
5090 2 3 4 7244640
10781 2 3 4 7253820
7953 2 3 4 7254272
8730 2 3 4 7255616
13268 2 3 4 7264148
10640 2 3 4 7265222
11053 2 3 4 7265300
7419 2 3 4 7272536
13134 2 3 4 7279488
12400 2 3 4 7281100
361 2 3 4 7285904
1501 2 3 4 7292376
12801 2 3 4 7293410
9301 2 3 4 7297920
9084 2 3 4 7307872
8782 2 3 4 7321520
12734 2 3 4 7323424
5778 2 3 4 7330176
8831 2 3 4 7343458
490 2 3 4 7344944
10158 2 3 4 7346768
2700 2 3 4 7346808
3797 2 3 4 7351960
3741 2 3 4 7363200
10732 2 3 4 7376332
8987 2 3 4 7385628
5944 2 3 4 7389232
5943 2 3 4 7391082
9972 2 3 4 7393336
13630 2 3 4 7395168
3966 2 3 4 7399836
120 2 3 4 7399968
8882 2 3 4 7408600
4105 2 3 4 7415002
13905 2 3 4 7428078
161 2 3 4 7428960
5961 2 3 4 7446468
10791 2 3 4 7450344
6732 2 3 4 7459200
4151 2 3 4 7459650
3232 2 3 4 7465920
2200 2 3 4 7466688
5311 2 3 4 7474032
927 2 3 4 7478700
6340 2 3 4 7482176
3082 2 3 4 7483298
2688 2 3 4 7487373
12032 2 3 4 7488052
13618 2 3 4 7492504
2827 2 3 4 7500570
14797 2 3 4 7508240
10015 2 3 4 7509348
2341 2 3 4 7517380
5781 2 3 4 7521012
2422 2 3 4 7524480
4022 2 3 4 7533738
10501 2 3 4 7538496
846 2 3 4 7548816
19703 2 3 4 7549632
2532 2 3 4 7551488
18403 2 3 4 7554200
1438 2 3 4 7558889
20113 2 3 4 7560544
1747 2 3 4 7562994
15828 2 3 4 7563218
20116 2 3 4 7563614
6077 2 3 4 7572448
19618 2 3 4 7574784
11682 2 3 4 7582300
19306 2 3 4 7593376
13350 2 3 4 7595640
8607 2 3 4 7601340
12770 2 3 4 7607380
8301 2 3 4 7608396
19343 2 3 4 7615622
5777 2 3 4 7644357
2650 2 3 4 7649226
16564 2 3 4 7650608
6644 2 3 4 7654208
16110 2 3 4 7654608
4989 2 3 4 7656924
17202 2 3 4 7659184
18383 2 3 4 7664277
10389 2 3 4 7665932
4701 2 3 4 7667968
13535 2 3 4 7677618
955 2 3 4 7679056
13496 2 3 4 7687812
6659 2 3 4 7688864
14146 2 3 4 7690970
18064 2 3 4 7691922
12915 2 3 4 7701606
17527 2 3 4 7706280
2395 2 3 4 7710115
4467 2 3 4 7710120
4584 2 3 4 7714824
4771 2 3 4 7718832
7767 2 3 4 7720674
18305 2 3 4 7722336
10177 2 3 4 7729656
11460 2 3 4 7738794
16451 2 3 4 7739802
4965 2 3 4 7743232
4277 2 3 4 7743540
14668 2 3 4 7746138
5272 2 3 4 7756133
13347 2 3 4 7760081
12116 2 3 4 7760640
6733 2 3 4 7764092
15240 2 3 4 7770258
14482 2 3 4 7771904
17668 2 3 4 7779744
368 2 3 4 7783210
9532 2 3 4 7784122
5864 2 3 4 7798504
15143 2 3 4 7800858
1359 2 3 4 7803102
8273 2 3 4 7804896
7311 2 3 4 7807300
18108 2 3 4 7810992
16224 2 3 4 7841950
12700 2 3 4 7842100
16263 2 3 4 7843294
3909 2 3 4 7849952
725 2 3 4 7859670
7568 2 3 4 7863480
14999 2 3 4 7867200
16527 2 3 4 7874230
18934 2 3 4 7878060
1500 2 3 4 7881072
18978 2 3 4 7887728
11866 2 3 4 7888704
5813 2 3 4 7898752
12407 2 3 4 7900416
14656 2 3 4 7901304
15667 2 3 4 7903360
13768 2 3 4 7914582
20093 2 3 4 7920640
16249 2 3 4 7921292
9794 2 3 4 7927536
9878 2 3 4 7937440
3769 2 3 4 7941024
1316 2 3 4 7942640
11149 2 3 4 7948320
3655 2 3 4 7953426
7132 2 3 4 7966464
8900 2 3 4 7972380
1247 2 3 4 7990080
7919 2 3 4 7998496
15115 2 3 4 8002344
5661 2 3 4 8003418
21035 2 3 4 8005312
5503 2 3 4 8014121
14483 2 3 4 8039269
11765 2 3 4 8044800
11173 2 3 4 8055344
11158 2 3 4 8062650
2739 2 3 4 8070400
6477 2 3 4 8073255
66 2 3 4 8077608
3809 2 3 4 8083152
68 2 3 4 8090450
5614 2 3 4 8094420
3831 2 3 4 8094720
7949 2 3 4 8096550
14694 2 3 4 8096916
15339 2 3 4 8097488
6462 2 3 4 8105048
411 2 3 4 8108376
10612 2 3 4 8109568
20879 2 3 4 8110400
4853 2 3 4 8114405
16978 2 3 4 8133504
277 2 3 4 8138858
16073 2 3 4 8154432
13248 2 3 4 8158722
344 2 3 4 8158752
2389 2 3 4 8170720
8039 2 3 4 8171480
12599 2 3 4 8175288
1225 2 3 4 8175504
3414 2 3 4 8176284
14600 2 3 4 8183000
16676 2 3 4 8184000
21126 2 3 4 8184372
4215 2 3 4 8190944
7269 2 3 4 8198816
5081 2 3 4 8200800
14858 2 3 4 8207328
16654 2 3 4 8212032
7549 2 3 4 8213380
3186 2 3 4 8216516
3721 2 3 4 8220106
18857 2 3 4 8223236
7001 2 3 4 8223488
13503 2 3 4 8223520
14336 2 3 4 8230320
438 2 3 4 8230992
9795 2 3 4 8236080
5515 2 3 4 8239728
173 2 3 4 8250360
19744 2 3 4 8259260
6893 2 3 4 8261048
11238 2 3 4 8261248
5936 2 3 4 8279919
4633 2 3 4 8288416
20920 2 3 4 8291952
11054 2 3 4 8292600
3294 2 3 4 8294622
5370 2 3 4 8297488
6754 2 3 4 8309340
1127 2 3 4 8314112
18376 2 3 4 8315824
17244 2 3 4 8321654
518 2 3 4 8326383
6499 2 3 4 8328384
1498 2 3 4 8339036
10248 2 3 4 8347000
18131 2 3 4 8348560
18378 2 3 4 8351100
807 2 3 4 8354584
8760 2 3 4 8367744
2186 2 3 4 8375276
6542 2 3 4 8379024
7799 2 3 4 8381480
2675 2 3 4 8382990
14885 2 3 4 8385040
17627 2 3 4 8406684
1684 2 3 4 8408400
1896 2 3 4 8448864
4443 2 3 4 8450574
9916 2 3 4 8451540
17007 2 3 4 8456880
8791 2 3 4 8464456
9925 2 3 4 8464554
1882 2 3 4 8465600
11295 2 3 4 8465877
5516 2 3 4 8469355
2865 2 3 4 8472240
19860 2 3 4 8473696
14846 2 3 4 8477980
8446 2 3 4 8478036
15649 2 3 4 8478040
3210 2 3 4 8481125
33 2 3 4 8483920
18472 2 3 4 8489250
14225 2 3 4 8494096
15374 2 3 4 8495376
5809 2 3 4 8499456
20530 2 3 4 8510130
17082 2 3 4 8524208
20225 2 3 4 8526960
19814 2 3 4 8527680
31863 2 3 4 8535616
24143 2 3 4 8541300
18489 2 3 4 8543232
21328 2 3 4 8543388
13190 2 3 4 8550696
13927 2 3 4 8551688
14765 2 3 4 8553600
18319 2 3 4 8556768
22058 2 3 4 8563400
27730 2 3 4 8563646
27291 2 3 4 8566292
31308 2 3 4 8571720
26513 2 3 4 8581600
18725 2 3 4 8585491
7880 2 3 4 8585676
13998 2 3 4 8588380
28668 2 3 4 8588472
25779 2 3 4 8595504
18740 2 3 4 8596368
19548 2 3 4 8598116
21478 2 3 4 8598180
5136 2 3 4 8599696
10306 2 3 4 8600496
5114 2 3 4 8609491
23333 2 3 4 8617620
29116 2 3 4 8621392
8886 2 3 4 8631534
15207 2 3 4 8636960
20175 2 3 4 8642972
2671 2 3 4 8646912
3532 2 3 4 8651350
6489 2 3 4 8651720
16091 2 3 4 8652448
27515 2 3 4 8657844
27797 2 3 4 8660256
4096 2 3 4 8665416
29982 2 3 4 8679312
7230 2 3 4 8682036
24807 2 3 4 8684520
4051 2 3 4 8685375
106 2 3 4 8692110
18100 2 3 4 8697088
452 2 3 4 8698688
27580 2 3 4 8713320
16062 2 3 4 8720188
29756 2 3 4 8724672
32243 2 3 4 8724780
13467 2 3 4 8728420
13356 2 3 4 8736896
4023 2 3 4 8740190
832 2 3 4 8747640
13529 2 3 4 8758236
14991 2 3 4 8767500
29391 2 3 4 8777052
6670 2 3 4 8778000
20227 2 3 4 8780672
413 2 3 4 8781292
22240 2 3 4 8785428
12643 2 3 4 8785710
7662 2 3 4 8802000
2487 2 3 4 8810932
12684 2 3 4 8821080
1793 2 3 4 8828104
4852 2 3 4 8833200
28912 2 3 4 8835840
10623 2 3 4 8843208
27102 2 3 4 8852480
16983 2 3 4 8857200
31218 2 3 4 8860445
21882 2 3 4 8861760
1737 2 3 4 8862777
11564 2 3 4 8864856
13489 2 3 4 8865024
23689 2 3 4 8866956
21925 2 3 4 8870862
123 2 3 4 8873388
32287 2 3 4 8874684
31996 2 3 4 8875566
14583 2 3 4 8889910
23710 2 3 4 8890660
13865 2 3 4 8891922
23399 2 3 4 8910045
25243 2 3 4 8913072
6878 2 3 4 8923424
23636 2 3 4 8925432
9523 2 3 4 8928480
28791 2 3 4 8943102
29430 2 3 4 8954540
23497 2 3 4 8958102
27931 2 3 4 8965280
31242 2 3 4 8965280
12695 2 3 4 8981112
14945 2 3 4 8986896
7542 2 3 4 8991450
30597 2 3 4 8994700
19432 2 3 4 8995208
82 2 3 4 9002298
18271 2 3 4 9010560
23160 2 3 4 9029332
578 2 3 4 9036240
7705 2 3 4 9036324
10270 2 3 4 9038930
19386 2 3 4 9043056
1784 2 3 4 9045672
10413 2 3 4 9049372
24633 2 3 4 9055758
34533 2 3 4 9064000
27128 2 3 4 9064248
11646 2 3 4 9065848
27758 2 3 4 9069840
27223 2 3 4 9075270
29680 2 3 4 9077008
13854 2 3 4 9081914
19182 2 3 4 9088352
18739 2 3 4 9089820
10124 2 3 4 9090624
4628 2 3 4 9094752
9668 2 3 4 9096720
28026 2 3 4 9096920
34815 2 3 4 9099480
19707 2 3 4 9106720
24277 2 3 4 9110640
14739 2 3 4 9111640
11161 2 3 4 9119048
14042 2 3 4 9120114
26802 2 3 4 9123972
11310 2 3 4 9128328
14883 2 3 4 9129342
7989 2 3 4 9130940
19073 2 3 4 9135576
3760 2 3 4 9138360
11383 2 3 4 9140425
2966 2 3 4 9141456
31838 2 3 4 9145680
11561 2 3 4 9145728
9076 2 3 4 9149612
7920 2 3 4 9155300
14659 2 3 4 9155592
9837 2 3 4 9157880
22923 2 3 4 9158380
13787 2 3 4 9169686
7489 2 3 4 9169832
32429 2 3 4 9195120
8473 2 3 4 9196320
9259 2 3 4 9197760
33238 2 3 4 9202344
15111 2 3 4 9207000
26697 2 3 4 9212904
1752 2 3 4 9213440
7743 2 3 4 9223260
34451 2 3 4 9225600
10382 2 3 4 9229984
4003 2 3 4 9231240
17451 2 3 4 9232272
25454 2 3 4 9235440
16299 2 3 4 9254370
28667 2 3 4 9257820
35150 2 3 4 9272340
22541 2 3 4 9273330
1188 2 3 4 9274980
15670 2 3 4 9275096
18825 2 3 4 9283020
2374 2 3 4 9287910
22330 2 3 4 9294750
10187 2 3 4 9302460
4867 2 3 4 9309448
16053 2 3 4 9311400
33852 2 3 4 9321224
26715 2 3 4 9323010
27438 2 3 4 9325780
22822 2 3 4 9326516
2527 2 3 4 9327152
792 2 3 4 9330294
30502 2 3 4 9359856
25944 2 3 4 9360540
27518 2 3 4 9374548
35518 2 3 4 9378368
17045 2 3 4 9385864
30178 2 3 4 9392922
30606 2 3 4 9407718
17815 2 3 4 9408634
33862 2 3 4 9410624
31121 2 3 4 9415272
13428 2 3 4 9415644
5687 2 3 4 9415792
34904 2 3 4 9425514
4375 2 3 4 9441480
4188 2 3 4 9445400
28328 2 3 4 9450362
32298 2 3 4 9455504
17656 2 3 4 9455632
33290 2 3 4 9477160
6038 2 3 4 9482360
10246 2 3 4 9487320
12183 2 3 4 9487320
1256 2 3 4 9490968
41071 2 3 4 9502662
20125 2 3 4 9507771
1281 2 3 4 9507940
828 2 3 4 9507960
37544 2 3 4 9518532
42710 2 3 4 9520602
172 2 3 4 9521526
14710 2 3 4 9528024
42836 2 3 4 9530880
8173 2 3 4 9531200
7951 2 3 4 9531621
1446 2 3 4 9535420
22587 2 3 4 9536016
34549 2 3 4 9536898
46016 2 3 4 9542954
46912 2 3 4 9546768
46068 2 3 4 9548352
11097 2 3 4 9556218
18948 2 3 4 9562928
2654 2 3 4 9568976
15387 2 3 4 9571818
3722 2 3 4 9577428
4522 2 3 4 9579000
41999 2 3 4 9579196
44821 2 3 4 9582328
44394 2 3 4 9602312
9181 2 3 4 9607968
41076 2 3 4 9613240
47675 2 3 4 9620930
36003 2 3 4 9623702
29263 2 3 4 9624552
36786 2 3 4 9632952
19122 2 3 4 9633888
45949 2 3 4 9644026
35017 2 3 4 9645168
30383 2 3 4 9652256
34828 2 3 4 9661408
35958 2 3 4 9665520
28999 2 3 4 9667268
48811 2 3 4 9675512
25092 2 3 4 9682062
34515 2 3 4 9689400
19349 2 3 4 9692928
23623 2 3 4 9694242
5265 2 3 4 9699456
14171 2 3 4 9707616
4822 2 3 4 9716163
37852 2 3 4 9725256
13298 2 3 4 9738876
38194 2 3 4 9743488
46561 2 3 4 9745440
8193 2 3 4 9747786
18706 2 3 4 9751192
46848 2 3 4 9752214
30562 2 3 4 9755790
30066 2 3 4 9763044
47607 2 3 4 9764524
2149 2 3 4 9766812
19899 2 3 4 9772508
25189 2 3 4 9775300
22153 2 3 4 9783360
36920 2 3 4 9791790
21013 2 3 4 9792160
10525 2 3 4 9801568
23766 2 3 4 9803464
3146 2 3 4 9803952
5501 2 3 4 9806060
40772 2 3 4 9806850
13948 2 3 4 9809838
6950 2 3 4 9823176
42049 2 3 4 9825966
1850 2 3 4 9826272
47961 2 3 4 9828672
15768 2 3 4 9832896
37539 2 3 4 9852960
29255 2 3 4 9853312
10469 2 3 4 9857280
24761 2 3 4 9864768
41202 2 3 4 9882146
11086 2 3 4 9883360
53129 2 3 4 9890784
40103 2 3 4 9896640
33557 2 3 4 9896754
49692 2 3 4 9905600
31296 2 3 4 9905744
37576 2 3 4 9912296
37259 2 3 4 9914944
19654 2 3 4 9925216
35683 2 3 4 9933034
52308 2 3 4 9941768
9687 2 3 4 9943976
5065 2 3 4 9951252
13231 2 3 4 9953280
8833 2 3 4 9959264
34654 2 3 4 9973128
49469 2 3 4 9978144
50927 2 3 4 9989760
25630 2 3 4 9993408
45269 2 3 4 9995744
33643 2 3 4 9997904
57868 2 3 4 10003176
51875 2 3 4 10007088
1206 2 3 4 10014058
23844 2 3 4 10016568
40648 2 3 4 10019514
54660 2 3 4 10020393
40571 2 3 4 10031600
12855 2 3 4 10032624
64874 2 3 4 10036256
18811 2 3 4 10037888
52814 2 3 4 10041600
24282 2 3 4 10042020
42828 2 3 4 10050768
4716 2 3 4 10052680
18512 2 3 4 10062000
29296 2 3 4 10080623
42055 2 3 4 10090268
47404 2 3 4 10095192
55957 2 3 4 10098400
32449 2 3 4 10112544
33802 2 3 4 10123334
30245 2 3 4 10130400
11723 2 3 4 10131933
37110 2 3 4 10133784
41011 2 3 4 10135288
57755 2 3 4 10147488
61161 2 3 4 10152744
23711 2 3 4 10166408
3630 2 3 4 10166740
31368 2 3 4 10174960
54733 2 3 4 10179456
397 2 3 4 10180921
23833 2 3 4 10184960
56742 2 3 4 10192518
58167 2 3 4 10192590
38906 2 3 4 10200164
28716 2 3 4 10204488
6712 2 3 4 10215230
16352 2 3 4 10220100
36788 2 3 4 10234644
44977 2 3 4 10241568
5303 2 3 4 10244552
57814 2 3 4 10259480
48955 2 3 4 10262120
33150 2 3 4 10274080
59548 2 3 4 10278912
4429 2 3 4 10280248
33215 2 3 4 10290240
11239 2 3 4 10290672
37525 2 3 4 10292832
18067 2 3 4 10300800
36123 2 3 4 10303240
52669 2 3 4 10304240
54672 2 3 4 10308298
62727 2 3 4 10321344
653 2 3 4 10321856
35174 2 3 4 10322928
60568 2 3 4 10326264
31507 2 3 4 10334835
8165 2 3 4 10336496
139 2 3 4 10340852
14294 2 3 4 10343200
4182 2 3 4 10351432
50459 2 3 4 10357848
23494 2 3 4 10359360
22231 2 3 4 10359844
21530 2 3 4 10359960
6798 2 3 4 10366606
20873 2 3 4 10370460
6231 2 3 4 10371360
15188 2 3 4 10374144
43169 2 3 4 10376448
25968 2 3 4 10377060
49957 2 3 4 10378056
45241 2 3 4 10379740
9228 2 3 4 10380200
41708 2 3 4 10384556
61391 2 3 4 10384593
65080 2 3 4 10384616
21583 2 3 4 10385180
11792 2 3 4 10390090
1028 2 3 4 10391892
36091 2 3 4 10393664
30280 2 3 4 10395840
45292 2 3 4 10407972
65581 2 3 4 10421320
55345 2 3 4 10428600
23664 2 3 4 10432800
50709 2 3 4 10435392
18963 2 3 4 10437336
14417 2 3 4 10441536
51789 2 3 4 10443478
9047 2 3 4 10460772
51284 2 3 4 10467600
477 2 3 4 10471240
52253 2 3 4 10475568
29901 2 3 4 10479436
61699 2 3 4 10489728
57112 2 3 4 10491250
663 2 3 4 10495962
79959 2 3 4 10501608
50187 2 3 4 10515253
25510 2 3 4 10516688
23609 2 3 4 10524045
6521 2 3 4 10528448
87783 2 3 4 10529250
79845 2 3 4 10531404
51327 2 3 4 10540320
92405 2 3 4 10540782
75181 2 3 4 10556928
91649 2 3 4 10558408
45693 2 3 4 10559172
37148 2 3 4 10570194
53092 2 3 4 10571616
69669 2 3 4 10573500
59457 2 3 4 10582286
24153 2 3 4 10585080
66372 2 3 4 10591928
11816 2 3 4 10593024
40569 2 3 4 10596852
13817 2 3 4 10616112
18923 2 3 4 10621050
18681 2 3 4 10624800
29746 2 3 4 10627312
81970 2 3 4 10633592
30723 2 3 4 10633632
10518 2 3 4 10638544
36152 2 3 4 10643696
36801 2 3 4 10661951
49276 2 3 4 10662336
75527 2 3 4 10663632
34980 2 3 4 10669461
24274 2 3 4 10669914
52400 2 3 4 10677520
67476 2 3 4 10692288
20807 2 3 4 10697288
49639 2 3 4 10699766
37760 2 3 4 10702912
2956 2 3 4 10709816
44554 2 3 4 10711890
81490 2 3 4 10714275
73640 2 3 4 10721832
45023 2 3 4 10722040
64816 2 3 4 10723888
48460 2 3 4 10732344
4357 2 3 4 10736638
41429 2 3 4 10737288
597 2 3 4 10739701
84077 2 3 4 10742160
86607 2 3 4 10755448
46783 2 3 4 10757720
41906 2 3 4 10759205
53948 2 3 4 10771552
70613 2 3 4 10773120
11637 2 3 4 10783368
29741 2 3 4 10786160
26538 2 3 4 10796526
51382 2 3 4 10815552
41056 2 3 4 10817376
84320 2 3 4 10819824
61184 2 3 4 10820430
18032 2 3 4 10830550
59337 2 3 4 10835682
32162 2 3 4 10842260
77499 2 3 4 10846040
71127 2 3 4 10851074
36882 2 3 4 10855296
61205 2 3 4 10855488
21686 2 3 4 10860592
57631 2 3 4 10862356
71924 2 3 4 10864206
14748 2 3 4 10869696
73459 2 3 4 10869760
16434 2 3 4 10870832
574 2 3 4 10870912
37170 2 3 4 10875648
74663 2 3 4 10880848
32464 2 3 4 10881592
19585 2 3 4 10900680
33716 2 3 4 10901440
24528 2 3 4 10914500
27155 2 3 4 10917456
46988 2 3 4 10924540
67705 2 3 4 10926468
78800 2 3 4 10929856
9587 2 3 4 10937381
47602 2 3 4 10942448
55675 2 3 4 10948752
43974 2 3 4 10950030
16605 2 3 4 10950898
49770 2 3 4 10955304
77466 2 3 4 10960098
26889 2 3 4 10974348
37803 2 3 4 10974856
5003 2 3 4 10975742
52743 2 3 4 10979540
7495 2 3 4 10987491
41636 2 3 4 10989258
23280 2 3 4 10994788
21695 2 3 4 10999008
43627 2 3 4 11005691
69958 2 3 4 11007024
17978 2 3 4 11012280
38154 2 3 4 11014300
7618 2 3 4 11016480
16092 2 3 4 11040624
21832 2 3 4 11040704
32677 2 3 4 11048400
40160 2 3 4 11061019
46028 2 3 4 11064816
63335 2 3 4 11066328
45204 2 3 4 11069760
87 2 4 4 11071768
47336 2 3 4 11103456
2252 2 3 4 11106304
77536 2 3 4 11106792
8857 2 3 4 11107680
43982 2 3 4 11108160
60896 2 3 4 11121264
25518 2 3 4 11122170
7987 2 3 4 11122670
91716 2 3 4 11128728
43185 2 3 4 11129188
64463 2 3 4 11131668
39533 2 3 4 11134046
75117 2 3 4 11135710
95740 2 3 4 11136252
83820 2 3 4 11138080
26712 2 3 4 11147052
76615 2 3 4 11147688
61474 2 3 4 11148192
92427 2 3 4 11152544
76747 2 3 4 11159680
96415 2 3 4 11163900
46959 2 3 4 11175624
92332 2 3 4 11182850
30903 2 3 4 11183616
41307 2 3 4 11189440
4975 2 3 4 11191032
43859 2 3 4 11193732
5223 2 3 4 11211620
28779 2 3 4 11225940
82368 2 3 4 11236530
38648 2 3 4 11242168
95196 2 3 4 11246084
65920 2 3 4 11247952
69385 2 3 4 11252745
55947 2 3 4 11258342
84967 2 3 4 11261836
87951 2 3 4 11266886
9581 2 3 4 11272388
12754 2 3 4 11272566
57798 2 3 4 11275302
6314 2 3 4 11275614
53990 2 3 4 11285178
3649 2 3 4 11292640
3476 2 3 4 11293600
51027 2 3 4 11294710
25516 2 3 4 11294712
26951 2 3 4 11305216
99067 2 3 4 11305650
47326 2 3 4 11325732
76124 2 3 4 11331040
64530 2 3 4 11332322
37413 2 3 4 11332640
79215 2 3 4 11337840
75326 2 3 4 11337984
84587 2 3 4 11343192
99107 2 3 4 11358904
24818 2 3 4 11360286
72999 2 3 4 11361306
60389 2 3 4 11361975
99597 2 3 4 11363454
35240 2 3 4 11366104
85684 2 3 4 11370640
6952 2 3 4 11373120
93258 2 3 4 11373648
30 2 4 4 11375868
99903 2 3 4 11377008
940 2 3 4 11386830
15764 2 3 4 11395818
42979 2 3 4 11402920
36587 2 3 4 11414032
5941 2 3 4 11428984
89945 2 3 4 11431520
99297 2 3 4 11440032
48065 2 3 4 11440500
93588 2 3 4 11445904
89262 2 3 4 11448840
52574 2 3 4 11451096
20765 2 3 4 11455380
83065 2 3 4 11456222
56893 2 3 4 11476080
70927 2 3 4 11482640
90638 2 3 4 11483640
85913 2 3 4 11484352
46295 2 3 4 11486982
57883 2 3 4 11494616
36355 2 3 4 11494912
69417 2 3 4 11497808
