14 2 4 4 5359040
23 2 4 4 22531276
24 2 4 4 4703172
27 2 4 4 14374654
30 2 4 4 11375868
34 2 4 4 4702026
35 2 4 4 7287900
40 2 4 4 7369570
58 2 4 4 8617052
59 2 4 4 9903256
63 2 4 4 13802304
73 2 4 4 6556052
76 2 4 4 16654200
77 2 4 4 20773652
81 2 4 4 14699141
83 2 4 4 23540374
84 2 4 4 8420732
87 2 4 4 11071768
89 2 4 4 5785063
91 2 4 4 9349145
95 2 4 4 9724547
101 2 4 4 9275072
104 2 4 4 11192040
108 2 4 4 3712248
109 2 4 4 15787734
124 2 4 4 13072540
130 2 4 4 18240028
132 2 4 4 12837540
140 2 4 4 6124024
141 2 4 4 2845520
142 2 4 4 14769414
148 2 4 4 1600992
150 2 4 4 4666702
154 2 4 4 16289108
163 2 4 4 10394736
164 2 4 4 11940422
168 2 4 4 10207578
171 2 4 4 8032484
175 2 4 4 11474196
178 2 4 4 17405840
179 2 4 4 12417366
189 2 4 4 13116860
195 2 4 4 14555432
196 2 4 4 18635636
198 2 4 4 11430146
203 2 4 4 8851433
209 2 4 4 7530278
210 2 4 4 22722844
219 2 4 4 10507512
221 2 4 4 11537536
222 2 4 4 5247024
225 2 4 4 15879851
232 2 4 4 13545830
242 2 4 4 9841602
244 2 4 4 8517418
250 2 4 4 22652598
252 2 4 4 10253616
256 2 4 4 15385600
257 2 4 4 8080228
258 2 4 4 7094444
262 2 4 4 8594208
264 2 4 4 8140114
272 2 4 4 9640620
279 2 4 4 5287188
282 2 4 4 2257176
283 2 4 4 19796208
287 2 4 4 13966316
290 2 4 4 10078830
295 2 4 4 10894392
300 2 4 4 21195528
301 2 4 4 20239612
302 2 4 4 14270967
307 2 4 4 6560492
313 2 4 4 23062884
314 2 4 4 9663136
321 2 4 4 24859260
322 2 4 4 19427504
323 2 4 4 23134758
325 2 4 4 12235824
326 2 4 4 18039054
327 2 4 4 21114048
328 2 4 4 20260221
330 2 4 4 28551626
331 2 4 4 6076800
333 2 4 4 18136552
334 2 4 4 11825166
336 2 4 4 9665652
342 2 4 4 7759992
343 2 4 4 28123997
348 2 4 4 14530382
351 2 4 4 7906561
352 2 4 4 20097432
355 2 4 4 21921112
356 2 4 4 23380340
357 2 4 4 8602305
363 2 4 4 12876794
370 2 4 4 10174736
376 2 4 4 14773857
378 2 4 4 29899320
379 2 4 4 8726950
381 2 4 4 16269186
383 2 4 4 20744032
386 2 4 4 7570327
387 2 4 4 10797370
393 2 4 4 11524808
396 2 4 4 8160360
398 2 4 4 7184076
407 2 4 4 9061716
408 2 4 4 7935936
409 2 4 4 17375340
410 2 4 4 5633324
414 2 4 4 10983244
415 2 4 4 9721906
416 2 4 4 9626880
419 2 4 4 22158672
420 2 4 4 13199342
423 2 4 4 10106600
424 2 4 4 14399742
426 2 4 4 23448996
430 2 4 4 12574084
434 2 4 4 18959624
436 2 4 4 4147824
439 2 4 4 21657536
440 2 4 4 6127764
442 2 4 4 8271300
443 2 4 4 14211474
449 2 4 4 18566468
454 2 4 4 5347696
459 2 4 4 6980004
460 2 4 4 24291365
465 2 4 4 12624680
466 2 4 4 6439711
469 2 4 4 9034538
470 2 4 4 9784045
473 2 4 4 12999678
475 2 4 4 26406160
478 2 4 4 5664008
481 2 4 4 7024092
486 2 4 4 16454308
488 2 4 4 8949820
489 2 4 4 9554340
494 2 4 4 7035996
507 2 4 4 5102652
510 2 4 4 6941312
512 2 4 4 12165344
521 2 4 4 6037656
523 2 4 4 14860320
524 2 4 4 10062672
530 2 4 4 22701012
534 2 4 4 21665130
538 2 4 4 13761016
544 2 4 4 6588132
547 2 4 4 15099464
550 2 4 4 16170508
551 2 4 4 4094776
552 2 4 4 4243016
556 2 4 4 14450206
564 2 4 4 6370224
567 2 4 4 9204716
570 2 4 4 10077008
575 2 4 4 13005852
576 2 4 4 7438231
581 2 4 4 5165772
585 2 4 4 18388802
587 2 4 4 13360295
589 2 4 4 22301474
591 2 4 4 14772538
596 2 4 4 8671672
599 2 4 4 14301408
600 2 4 4 12492288
601 2 4 4 15842392
604 2 4 4 11267654
608 2 4 4 15627462
616 2 4 4 24782112
620 2 4 4 14194088
622 2 4 4 18016925
624 2 4 4 8913896
628 2 4 4 18351931
630 2 4 4 13005683
631 2 4 4 5290432
633 2 4 4 4851448
634 2 4 4 21079848
637 2 4 4 6676660
639 2 4 4 5577684
640 2 4 4 14190772
642 2 4 4 15392024
651 2 4 4 15977832
656 2 4 4 11202912
658 2 4 4 12265916
667 2 4 4 7534008
669 2 4 4 14651880
670 2 4 4 6047940
672 2 4 4 22181168
682 2 4 4 8388222
692 2 4 4 10291464
698 2 4 4 16155876
702 2 4 4 26327592
707 2 4 4 9932960
715 2 4 4 14735320
719 2 4 4 19368536
722 2 4 4 14563848
726 2 4 4 4231298
732 2 4 4 16164412
735 2 4 4 7087303
736 2 4 4 7020350
740 2 4 4 12432078
747 2 4 4 8110658
748 2 4 4 18442340
752 2 4 4 25090440
758 2 4 4 14162770
762 2 4 4 14599678
765 2 4 4 27007798
767 2 4 4 6688464
770 2 4 4 13819184
772 2 4 4 15353420
773 2 4 4 9177576
790 2 4 4 6044096
793 2 4 4 20146948
794 2 4 4 12386609
797 2 4 4 24316506
801 2 4 4 8539896
804 2 4 4 10597628
806 2 4 4 4313105
808 2 4 4 5916888
812 2 4 4 20224498
814 2 4 4 5657019
822 2 4 4 3422678
825 2 4 4 10447522
831 2 4 4 13920400
835 2 4 4 12483468
836 2 4 4 9741360
841 2 4 4 15171972
844 2 4 4 27804657
845 2 4 4 14597088
847 2 4 4 10688368
850 2 4 4 21580928
851 2 4 4 13990518
856 2 4 4 11914754
858 2 4 4 8932304
861 2 4 4 4827152
862 2 4 4 11075934
863 2 4 4 12486866
864 2 4 4 8798586
866 2 4 4 20987586
867 2 4 4 2728788
870 2 4 4 14856815
888 2 4 4 8760118
897 2 4 4 16142432
898 2 4 4 4944270
900 2 4 4 10678192
906 2 4 4 12185432
909 2 4 4 15042402
910 2 4 4 10414976
911 2 4 4 2246694
913 2 4 4 9039878
915 2 4 4 8633720
925 2 4 4 5184908
931 2 4 4 5445054
932 2 4 4 14614344
936 2 4 4 17271090
937 2 4 4 5286537
938 2 4 4 5463368
941 2 4 4 13932572
944 2 4 4 10027768
949 2 4 4 12551974
950 2 4 4 23694668
952 2 4 4 12881200
958 2 4 4 12493174
960 2 4 4 9981720
961 2 4 4 8335486
962 2 4 4 11337408
963 2 4 4 17107008
966 2 4 4 2522088
973 2 4 4 10412964
977 2 4 4 23623190
979 2 4 4 8967230
982 2 4 4 10219518
983 2 4 4 5868792
984 2 4 4 11309692
985 2 4 4 9108088
987 2 4 4 24191435
993 2 4 4 15260864
994 2 4 4 6849917
1000 2 4 4 18149346
1001 2 4 4 19839224
1002 2 4 4 7392582
1007 2 4 4 8418242
1010 2 4 4 5734208
1012 2 4 4 6732140
1019 2 4 4 7581660
1020 2 4 4 6709352
1025 2 4 4 7837028
1026 2 4 4 13780616
1032 2 4 4 26576516
1035 2 4 4 23432380
1038 2 4 4 11434860
1043 2 4 4 9637680
1046 2 4 4 19117200
1047 2 4 4 7281300
1049 2 4 4 7292224
1056 2 4 4 12585866
1057 2 4 4 14024032
1060 2 4 4 16238727
1066 2 4 4 10672928
1071 2 4 4 17031997
1073 2 4 4 7545762
1075 2 4 4 15774870
1078 2 4 4 14363561
1079 2 4 4 10080899
1080 2 4 4 5569400
1081 2 4 4 3461088
1089 2 4 4 6851000
1092 2 4 4 15045360
1094 2 4 4 16903216
1095 2 4 4 6907821
1103 2 4 4 13105886
1106 2 4 4 10316272
1109 2 4 4 7985892
1112 2 4 4 14687836
1118 2 4 4 7568802
1121 2 4 4 15396938
1124 2 4 4 21962764
1135 2 4 4 3431790
1137 2 4 4 12185412
1138 2 4 4 2951134
1139 2 4 4 10782130
1144 2 4 4 17394744
1146 2 4 4 11042936
1147 2 4 4 23332404
1151 2 4 4 19051176
1155 2 4 4 6602436
1158 2 4 4 19930912
1159 2 4 4 9658624
1161 2 4 4 8067700
1162 2 4 4 11867077
1168 2 4 4 14179584
1169 2 4 4 5786970
1175 2 4 4 6590196
1192 2 4 4 14067228
1197 2 4 4 11968530
1200 2 4 4 8115970
1212 2 4 4 27487336
1216 2 4 4 14484192
1220 2 4 4 12759805
1224 2 4 4 13873226
1227 2 4 4 15690256
1232 2 4 4 23981056
1234 2 4 4 11745440
1238 2 4 4 13615962
1239 2 4 4 11743652
1245 2 4 4 23498947
1250 2 4 4 11864360
1251 2 4 4 12004381
1253 2 4 4 10392078
1255 2 4 4 2189028
1257 2 4 4 4802887
1260 2 4 4 20784112
1261 2 4 4 3830996
1262 2 4 4 17381152
1263 2 4 4 7459324
1264 2 4 4 8730300
1269 2 4 4 18722020
1275 2 4 4 29854156
1282 2 4 4 14634832
1283 2 4 4 20822864
1284 2 4 4 16554472
1289 2 4 4 14458725
1313 2 4 4 7526884
1315 2 4 4 4869736
1322 2 4 4 9702512
1324 2 4 4 12391028
1331 2 4 4 19241136
1336 2 4 4 19898470
1343 2 4 4 5897640
1345 2 4 4 24455430
1347 2 4 4 17605488
1348 2 4 4 14387678
1350 2 4 4 5594000
1351 2 4 4 3783093
1356 2 4 4 15698978
1363 2 4 4 6925024
1368 2 4 4 18180436
1370 2 4 4 21492016
1372 2 4 4 12366984
1376 2 4 4 10167573
1378 2 4 4 12925906
1381 2 4 4 6749968
1383 2 4 4 18011091
1388 2 4 4 4573074
1393 2 4 4 8841874
1395 2 4 4 8820120
1398 2 4 4 16099364
1401 2 4 4 15992496
1402 2 4 4 18314930
1403 2 4 4 4017012
1404 2 4 4 9123576
1407 2 4 4 14906046
1409 2 4 4 15111584
1412 2 4 4 15976604
1413 2 4 4 4156992
1417 2 4 4 23782860
1418 2 4 4 12294744
1419 2 4 4 12849768
1422 2 4 4 22821968
1423 2 4 4 20015178
1425 2 4 4 8705870
1426 2 4 4 10652914
1427 2 4 4 18220324
1439 2 4 4 32061386
1440 2 4 4 12435772
1442 2 4 4 11011010
1443 2 4 4 10039120
1444 2 4 4 9313120
1447 2 4 4 8480318
1457 2 4 4 9025425
1459 2 4 4 10784764
1464 2 4 4 9320928
1470 2 4 4 17099786
1472 2 4 4 10500199
1475 2 4 4 21931507
1486 2 4 4 8780551
1487 2 4 4 8387674
1491 2 4 4 11150612
1497 2 4 4 10049024
1502 2 4 4 19204640
1504 2 4 4 7592180
1506 2 4 4 13677060
1510 2 4 4 20500604
1513 2 4 4 8108200
1519 2 4 4 4239808
1520 2 4 4 9960864
1521 2 4 4 7860920
1523 2 4 4 9411010
1524 2 4 4 7974016
1534 2 4 4 13151998
1539 2 4 4 9800824
1546 2 4 4 9615240
1548 2 4 4 8171443
1551 2 4 4 11631208
1552 2 4 4 10999896
1554 2 4 4 5860912
1556 2 4 4 10519472
1557 2 4 4 12279800
1562 2 4 4 16032170
1567 2 4 4 8494547
1570 2 4 4 6304326
1573 2 4 4 15754750
1574 2 4 4 7567552
1579 2 4 4 11456740
1585 2 4 4 14844544
1588 2 4 4 18924410
1597 2 4 4 12760504
1598 2 4 4 37201620
1599 2 4 4 10418952
1601 2 4 4 16116318
1604 2 4 4 15853444
1607 2 4 4 8216154
1608 2 4 4 11210256
1610 2 4 4 5759022
1612 2 4 4 4166533
1616 2 4 4 19553908
1618 2 4 4 18280111
1619 2 4 4 17892940
1624 2 4 4 8342244
1626 2 4 4 15998072
1628 2 4 4 8961909
1629 2 4 4 7812690
1633 2 4 4 19827232
1634 2 4 4 3248340
1638 2 4 4 11695744
1639 2 4 4 12870664
1641 2 4 4 8057488
1643 2 4 4 7133260
1646 2 4 4 22659570
1652 2 4 4 15387442
1657 2 4 4 13741124
1664 2 4 4 9227112
1667 2 4 4 9990352
1668 2 4 4 6983760
1669 2 4 4 11767796
1670 2 4 4 6445364
1671 2 4 4 19323780
1676 2 4 4 11972590
1678 2 4 4 24639267
1689 2 4 4 28375779
1691 2 4 4 15333376
1692 2 4 4 19973700
1693 2 4 4 17494872
1694 2 4 4 5048920
1699 2 4 4 17178594
1702 2 4 4 5464832
1703 2 4 4 20412488
1704 2 4 4 6671696
1705 2 4 4 9221592
1706 2 4 4 12057558
1707 2 4 4 19107812
1708 2 4 4 10966912
1709 2 4 4 3561264
1710 2 4 4 17861234
1711 2 4 4 7311696
1714 2 4 4 11388000
1715 2 4 4 14077242
1717 2 4 4 3481100
1722 2 4 4 14570192
1724 2 4 4 5469882
1733 2 4 4 26137614
1734 2 4 4 4118374
1736 2 4 4 9512094
1746 2 4 4 7192104
1748 2 4 4 14104796
1750 2 4 4 9151568
1756 2 4 4 8368956
1758 2 4 4 7410804
1760 2 4 4 12411496
1763 2 4 4 19664526
1764 2 4 4 15319360
1775 2 4 4 11196300
1777 2 4 4 7570280
1780 2 4 4 13367787
1788 2 4 4 16243716
1795 2 4 4 10570968
1798 2 4 4 10030100
1799 2 4 4 9346780
1806 2 4 4 12790746
1812 2 4 4 2375085
1814 2 4 4 5954548
1817 2 4 4 9075814
1821 2 4 4 8896344
1824 2 4 4 8202519
1825 2 4 4 7649904
1843 2 4 4 5367784
1847 2 4 4 8742680
1851 2 4 4 25873516
1853 2 4 4 8270392
1856 2 4 4 5053816
1860 2 4 4 13075552
1868 2 4 4 9638974
1870 2 4 4 2554974
1872 2 4 4 14624605
1874 2 4 4 8624564
1881 2 4 4 18800888
1897 2 4 4 7215744
1902 2 4 4 8408466
1909 2 4 4 9142804
1910 2 4 4 8686128
1919 2 4 4 13007026
1922 2 4 4 14807528
1924 2 4 4 8584476
1925 2 4 4 9234542
1933 2 4 4 7120256
1936 2 4 4 16583006
1938 2 4 4 13666302
1941 2 4 4 7032896
1946 2 4 4 14374304
1949 2 4 4 3424056
1951 2 4 4 14298113
1952 2 4 4 7800936
1953 2 4 4 24628492
1954 2 4 4 14232662
1955 2 4 4 10368524
1956 2 4 4 9296244
1958 2 4 4 19238026
1962 2 4 4 12304520
1968 2 4 4 37228188
1971 2 4 4 4714619
1976 2 4 4 10683134
1977 2 4 4 8663100
1978 2 4 4 9647808
1980 2 4 4 10194744
1985 2 4 4 16686252
1992 2 4 4 9613244
1993 2 4 4 14757328
2000 2 4 4 26136013
2007 2 4 4 21530688
2008 2 4 4 11154068
2009 2 4 4 21840608
2010 2 4 4 19806828
2016 2 4 4 18591112
2018 2 4 4 7928928
2019 2 4 4 6572320
2025 2 4 4 20163506
2027 2 4 4 10342438
2028 2 4 4 13372440
2032 2 4 4 24691251
2038 2 4 4 15681908
2039 2 4 4 6733802
2041 2 4 4 12288820
2042 2 4 4 5467560
2043 2 4 4 15171416
2046 2 4 4 7185056
2050 2 4 4 12600108
2057 2 4 4 8658524
2065 2 4 4 22495488
2067 2 4 4 12354492
2069 2 4 4 19016054
2074 2 4 4 9275712
2081 2 4 4 30674352
2084 2 4 4 20789272
2086 2 4 4 18012147
2090 2 4 4 13528574
2095 2 4 4 6560700
2096 2 4 4 15302919
2097 2 4 4 4701964
2098 2 4 4 5659544
2106 2 4 4 12798094
2108 2 4 4 11743262
2113 2 4 4 9359220
2118 2 4 4 4081032
2132 2 4 4 4646160
2139 2 4 4 16095052
2143 2 4 4 13710136
2145 2 4 4 9860074
2146 2 4 4 2608708
2150 2 4 4 3720510
2152 2 4 4 11638608
2153 2 4 4 14903920
2156 2 4 4 13637272
2157 2 4 4 9560780
2158 2 4 4 4909272
2160 2 4 4 15506248
2164 2 4 4 11153008
2166 2 4 4 10162389
2167 2 4 4 17356164
2170 2 4 4 6539464
2173 2 4 4 13984371
2180 2 4 4 8662422
2181 2 4 4 10170856
2185 2 4 4 21762778
2188 2 4 4 12278888
2189 2 4 4 16775910
2197 2 4 4 16175752
2198 2 4 4 19487416
2199 2 4 4 16714920
2207 2 4 4 7519864
2208 2 4 4 12223864
2214 2 4 4 1692555
2215 2 4 4 13412676
2218 2 4 4 8039908
2219 2 4 4 7783056
2221 2 4 4 12320672
2222 2 4 4 12189292
2224 2 4 4 22485679
2227 2 4 4 6549008
2230 2 4 4 15333459
2231 2 4 4 9669348
2238 2 4 4 11485212
2239 2 4 4 7033408
2245 2 4 4 26173073
2247 2 4 4 11269524
2253 2 4 4 11460012
2256 2 4 4 19905000
2261 2 4 4 10708912
2262 2 4 4 23653660
2267 2 4 4 16839944
2279 2 4 4 9622353
2282 2 4 4 5254418
2285 2 4 4 9586604
2289 2 4 4 18354334
2293 2 4 4 11244368
2298 2 4 4 11853216
2302 2 4 4 11675432
2305 2 4 4 18270351
2311 2 4 4 14904250
2317 2 4 4 18333805
2326 2 4 4 11305332
2327 2 4 4 15048564
2328 2 4 4 19163418
2329 2 4 4 19363404
2331 2 4 4 5082876
2334 2 4 4 3135508
2335 2 4 4 15186560
2336 2 4 4 15244014
2338 2 4 4 4953424
2340 2 4 4 11658046
2342 2 4 4 14934658
2343 2 4 4 10588648
2345 2 4 4 6139264
2350 2 4 4 14491456
2352 2 4 4 18677409
2355 2 4 4 26003256
2356 2 4 4 7086410
2359 2 4 4 18122830
2378 2 4 4 3861248
2383 2 4 4 18226158
2401 2 4 4 13724344
2402 2 4 4 17002912
2403 2 4 4 16067008
2410 2 4 4 24976264
2415 2 4 4 16289220
2420 2 4 4 17587296
2423 2 4 4 6497840
2431 2 4 4 12131612
2437 2 4 4 26336280
2439 2 4 4 12379294
2444 2 4 4 5345112
2452 2 4 4 27065588
2454 2 4 4 11863792
2457 2 4 4 13605790
2459 2 4 4 13860140
2460 2 4 4 6448874
2461 2 4 4 4253968
2471 2 4 4 20849320
2474 2 4 4 18614245
2478 2 4 4 5992992
2485 2 4 4 21612204
2486 2 4 4 15054448
2489 2 4 4 17113588
2491 2 4 4 7292112
2493 2 4 4 14816472
2494 2 4 4 7470862
2496 2 4 4 11850878
2497 2 4 4 5373956
2498 2 4 4 6904982
2500 2 4 4 11577548
2502 2 4 4 6227220
2509 2 4 4 12896108
2513 2 4 4 19634408
2517 2 4 4 16389972
2522 2 4 4 12327124
2523 2 4 4 5897074
2528 2 4 4 18991548
2533 2 4 4 17906352
2546 2 4 4 14702640
2555 2 4 4 25184555
2556 2 4 4 6995226
2563 2 4 4 18823534
2568 2 4 4 12641704
2570 2 4 4 11555498
2573 2 4 4 16048801
2576 2 4 4 14980712
2578 2 4 4 27943988
2585 2 4 4 5149183
2587 2 4 4 3846579
2594 2 4 4 15873068
2598 2 4 4 7458290
2608 2 4 4 21885942
2611 2 4 4 6480164
2617 2 4 4 11595217
2632 2 4 4 3711248
2636 2 4 4 12720956
2637 2 4 4 4197114
2638 2 4 4 6006435
2639 2 4 4 5268832
2645 2 4 4 21853054
2646 2 4 4 16581200
2657 2 4 4 14974570
2661 2 4 4 5365650
2662 2 4 4 17084996
2663 2 4 4 7231056
2664 2 4 4 19140819
2665 2 4 4 6189352
2666 2 4 4 6758654
2670 2 4 4 6008682
2674 2 4 4 16280372
2682 2 4 4 17951735
2701 2 4 4 22224317
2702 2 4 4 11521534
2704 2 4 4 6297774
2708 2 4 4 30593611
2709 2 4 4 14930588
2711 2 4 4 2899944
2715 2 4 4 4174584
2720 2 4 4 16980104
2724 2 4 4 12587400
2737 2 4 4 13666768
2738 2 4 4 11531452
2742 2 4 4 13355462
2754 2 4 4 12229648
2755 2 4 4 16855488
2757 2 4 4 4798312
2763 2 4 4 16128816
2766 2 4 4 13135060
2767 2 4 4 13476762
2776 2 4 4 18099485
2780 2 4 4 27453397
2783 2 4 4 3828900
2785 2 4 4 19406392
2791 2 4 4 17141096
2795 2 4 4 18572656
2797 2 4 4 13451032
2806 2 4 4 14880872
2813 2 4 4 7490796
2817 2 4 4 7387536
2824 2 4 4 5668932
2832 2 4 4 4717408
2834 2 4 4 12475220
2839 2 4 4 25462922
2847 2 4 4 13156566
2855 2 4 4 7312745
2857 2 4 4 12871607
2859 2 4 4 29612814
2863 2 4 4 5764428
2867 2 4 4 23694798
2869 2 4 4 14049204
2872 2 4 4 28118249
2873 2 4 4 12094824
2876 2 4 4 20935092
2881 2 4 4 7475842
2882 2 4 4 6105920
2885 2 4 4 19559985
2889 2 4 4 5280462
2891 2 4 4 5564888
2896 2 4 4 3511153
2898 2 4 4 14355364
2903 2 4 4 2563982
2908 2 4 4 13248330
2910 2 4 4 14159460
2915 2 4 4 27601276
2927 2 4 4 6807586
2931 2 4 4 21603596
2935 2 4 4 22691284
2939 2 4 4 13992668
2944 2 4 4 6319840
2945 2 4 4 15060740
2946 2 4 4 12662578
2954 2 4 4 27135352
2978 2 4 4 4174906
2984 2 4 4 15920304
2990 2 4 4 19937684
2992 2 4 4 4067400
3002 2 4 4 21359592
3011 2 4 4 16601948
3021 2 4 4 23771734
3026 2 4 4 15775393
3040 2 4 4 17290376
3044 2 4 4 4693508
3048 2 4 4 24814626
3057 2 4 4 25308700
3074 2 4 4 21683024
3078 2 4 4 22247692
3088 2 4 4 17766714
3101 2 4 4 16100116
3102 2 4 4 17549552
3123 2 4 4 22401524
3128 2 4 4 17357136
3132 2 4 4 3252890
3138 2 4 4 16840674
3140 2 4 4 25866951
3181 2 4 4 4481001
3187 2 4 4 3720152
3189 2 4 4 3669852
3198 2 4 4 23776604
3208 2 4 4 28046039
3214 2 4 4 16552986
3221 2 4 4 17213988
3226 2 4 4 20932984
3228 2 4 4 19073346
3229 2 4 4 2611676
3234 2 4 4 16949678
3236 2 4 4 28058156
3240 2 4 4 20930256
3247 2 4 4 21904182
3265 2 4 4 3102024
3274 2 4 4 3705251
3282 2 4 4 5440284
3285 2 4 4 21796554
3300 2 4 4 16798188
3304 2 4 4 24168269
3312 2 4 4 21056040
3327 2 4 4 23798392
3331 2 4 4 3668642
3334 2 4 4 21440960
3346 2 4 4 19244204
3363 2 4 4 4794069
3378 2 4 4 27895150
3386 2 4 4 21587865
3389 2 4 4 24392430
3390 2 4 4 21103740
3429 2 4 4 15900704
3434 2 4 4 2729552
3437 2 4 4 3975543
3458 2 4 4 3098970
3481 2 4 4 39079469
3482 2 4 4 5026608
3483 2 4 4 3275034
3502 2 4 4 25607124
3506 2 4 4 2368110
3520 2 4 4 20368608
3521 2 4 4 18313083
3537 2 4 4 3212500
3539 2 4 4 5403612
3543 2 4 4 3868752
3570 2 4 4 25842017
3581 2 4 4 19624908
3591 2 4 4 24694272
3597 2 4 4 32728924
3614 2 4 4 25402120
3622 2 4 4 5481520
3627 2 4 4 17795218
3634 2 4 4 15693144
3643 2 4 4 3909372
3653 2 4 4 20170749
3654 2 4 4 17921244
3657 2 4 4 25590046
3659 2 4 4 17610040
3669 2 4 4 3861768
3673 2 4 4 20275256
3679 2 4 4 18114016
3682 2 4 4 4655218
3694 2 4 4 4062606
3701 2 4 4 19073370
3702 2 4 4 24682148
3708 2 4 4 17741482
3709 2 4 4 17970284
3719 2 4 4 21881344
3728 2 4 4 16966276
3735 2 4 4 5020212
3740 2 4 4 20019032
3746 2 4 4 19243700
3762 2 4 4 24698256
3770 2 4 4 4959780
3778 2 4 4 20849232
3788 2 4 4 3051750
3800 2 4 4 20060732
3811 2 4 4 19847004
3851 2 4 4 19732556
3860 2 4 4 4081680
3865 2 4 4 18325200
3869 2 4 4 16907396
3873 2 4 4 2128303
3877 2 4 4 5301344
3898 2 4 4 4486860
3900 2 4 4 4406384
3902 2 4 4 3978284
3912 2 4 4 22098415
3918 2 4 4 4850844
3919 2 4 4 25809380
3924 2 4 4 17401090
3945 2 4 4 29535554
3946 2 4 4 3315173
3948 2 4 4 18571392
3949 2 4 4 2885099
3950 2 4 4 3870366
3971 2 4 4 2956866
3973 2 4 4 16014560
3974 2 4 4 19261323
3975 2 4 4 2869508
3977 2 4 4 4891032
3985 2 4 4 15739117
4026 2 4 4 2509683
4031 2 4 4 4626528
4049 2 4 4 5137060
4074 2 4 4 16118140
4085 2 4 4 18550662
4102 2 4 4 4485656
4109 2 4 4 4483837
4159 2 4 4 5481792
4166 2 4 4 1976934
4186 2 4 4 18890324
4200 2 4 4 24471512
4202 2 4 4 23381304
4224 2 4 4 20860960
4228 2 4 4 21398472
4233 2 4 4 22196268
4239 2 4 4 18903444
4254 2 4 4 16132612
4255 2 4 4 4117464
4266 2 4 4 16549608
4295 2 4 4 19199142
4300 2 4 4 3488704
4371 2 4 4 16306921
4378 2 4 4 22070984
4391 2 4 4 21596942
4400 2 4 4 16688020
4402 2 4 4 16323968
4405 2 4 4 26060376
4419 2 4 4 15540958
4440 2 4 4 15559728
4448 2 4 4 18180052
4453 2 4 4 16510473
4465 2 4 4 22631928
4485 2 4 4 31504824
4496 2 4 4 16834404
4498 2 4 4 17576868
4510 2 4 4 16823697
4517 2 4 4 18237490
4530 2 4 4 22259468
4540 2 4 4 3058350
4557 2 4 4 18007136
4566 2 4 4 22261560
4573 2 4 4 17413280
4580 2 4 4 18408104
4583 2 4 4 16495004
4648 2 4 4 24165418
4652 2 4 4 28437836
4658 2 4 4 17534722
4661 2 4 4 1802446
4672 2 4 4 18342492
4679 2 4 4 20077164
4682 2 4 4 27533596
4693 2 4 4 16123972
4699 2 4 4 20652294
4715 2 4 4 2889840
4744 2 4 4 18753722
4751 2 4 4 20543936
4759 2 4 4 20769996
4776 2 4 4 22761932
4785 2 4 4 1784472
4788 2 4 4 15994146
4800 2 4 4 16314158
4808 2 4 4 20407471
4834 2 4 4 17567044
4843 2 4 4 17384472
4855 2 4 4 30328244
4859 2 4 4 18841666
4860 2 4 4 23345718
4874 2 4 4 24622724
4879 2 4 4 16807632
4880 2 4 4 17229966
4894 2 4 4 21527594
4901 2 4 4 18587812
4920 2 4 4 2895360
4921 2 4 4 3351582
4935 2 4 4 16021160
4963 2 4 4 24151410
4990 2 4 4 28191790
5011 2 4 4 17632536
5029 2 4 4 25914642
5041 2 4 4 20261194
5056 2 4 4 19156796
5110 2 4 4 24138796
5129 2 4 4 23192706
5131 2 4 4 17644788
5152 2 4 4 18370344
5153 2 4 4 22373992
5192 2 4 4 18002826
5196 2 4 4 21365318
5216 2 4 4 20581656
5224 2 4 4 21100128
5239 2 4 4 18371340
5242 2 4 4 17774830
5248 2 4 4 20469444
5283 2 4 4 17795154
5320 2 4 4 17610067
5344 2 4 4 20186850
5371 2 4 4 18748616
5387 2 4 4 28588808
5402 2 4 4 22646148
5450 2 4 4 18940014
5459 2 4 4 18626354
5470 2 4 4 22413504
5472 2 4 4 28421520
5476 2 4 4 21942930
5477 2 4 4 19025950
5543 2 4 4 21519294
5547 2 4 4 24213666
5581 2 4 4 20824968
5601 2 4 4 35108580
5615 2 4 4 18401462
5624 2 4 4 3461374
5630 2 4 4 23830746
5633 2 4 4 19595915
5652 2 4 4 25402823
5662 2 4 4 23842480
5679 2 4 4 27258008
5698 2 4 4 20853938
5721 2 4 4 19096020
5733 2 4 4 22496946
5734 2 4 4 19917984
5738 2 4 4 2952724
5749 2 4 4 18301102
5761 2 4 4 20513959
5769 2 4 4 3309156
5804 2 4 4 28068790
5814 2 4 4 20408312
5818 2 4 4 22083226
5831 2 4 4 20283124
5871 2 4 4 22753442
5873 2 4 4 27721390
5876 2 4 4 21332036
5914 2 4 4 20620006
5994 2 4 4 25303428
6011 2 4 4 21624646
6055 2 4 4 20592511
6058 2 4 4 20267820
6069 2 4 4 22114208
6082 2 4 4 21566526
6092 2 4 4 25579940
6104 2 4 4 20252512
6131 2 4 4 3411216
6136 2 4 4 19758710
6156 2 4 4 21380185
6157 2 4 4 19919194
6237 2 4 4 19651668
6250 2 4 4 2937068
6272 2 4 4 23901122
6285 2 4 4 21123766
6289 2 4 4 24839834
6313 2 4 4 21190524
6322 2 4 4 2449122
6326 2 4 4 2311619
6347 2 4 4 2823732
6351 2 4 4 26669496
6381 2 4 4 26476544
6402 2 4 4 28124196
6412 2 4 4 2372328
6417 2 4 4 20773494
6421 2 4 4 23018292
6437 2 4 4 25288648
6450 2 4 4 26067202
6454 2 4 4 21011920
6479 2 4 4 23201572
6485 2 4 4 19751924
6501 2 4 4 3057422
6505 2 4 4 20312645
6527 2 4 4 24716016
6558 2 4 4 1543137
6580 2 4 4 22268357
6613 2 4 4 21089210
6632 2 4 4 19701176
6676 2 4 4 22602674
6678 2 4 4 29021580
6746 2 4 4 24010396
6748 2 4 4 22294186
6750 2 4 4 3198488
6787 2 4 4 20588424
6799 2 4 4 34592420
6812 2 4 4 20015344
6826 2 4 4 30691456
6838 2 4 4 21701015
6888 2 4 4 20890721
6889 2 4 4 27965796
6914 2 4 4 20495850
6959 2 4 4 29447986
6972 2 4 4 25225198
7026 2 4 4 20533224
7073 2 4 4 19702626
7096 2 4 4 2441922
7119 2 4 4 23621967
7139 2 4 4 3355968
7168 2 4 4 1975696
7169 2 4 4 22863344
7207 2 4 4 23909904
7218 2 4 4 35169357
7224 2 4 4 21399660
7254 2 4 4 20983374
7256 2 4 4 3260976
7275 2 4 4 20424704
7285 2 4 4 20777520
7287 2 4 4 22393410
7302 2 4 4 23180220
7308 2 4 4 22855988
7317 2 4 4 2313510
7319 2 4 4 20200088
7321 2 4 4 21460438
7331 2 4 4 24007356
7346 2 4 4 31362946
7406 2 4 4 33314851
7429 2 4 4 2826602
7461 2 4 4 21254207
7466 2 4 4 19778890
7564 2 4 4 28124368
7582 2 4 4 2380704
7596 2 4 4 30188828
7628 2 4 4 22232820
7700 2 4 4 23107658
7711 2 4 4 23467842
7796 2 4 4 23582698
7838 2 4 4 2151120
7866 2 4 4 2667328
7875 2 4 4 22032326
7896 2 4 4 3342174
8014 2 4 4 24228548
8020 2 4 4 24208208
8072 2 4 4 23131144
8120 2 4 4 22143140
8124 2 4 4 3103952
8158 2 4 4 2428544
8174 2 4 4 23106344
8201 2 4 4 26543080
8267 2 4 4 26763360
8274 2 4 4 21962240
8324 2 4 4 29143830
8340 2 4 4 21579632
8341 2 4 4 22754752
8423 2 4 4 22524180
8484 2 4 4 21753300
8490 2 4 4 30736524
8539 2 4 4 3297506
8542 2 4 4 21870602
8571 2 4 4 2880976
8577 2 4 4 24491524
8682 2 4 4 21945546
8692 2 4 4 22054604
8694 2 4 4 3372568
8700 2 4 4 25226374
8744 2 4 4 22930656
8789 2 4 4 3040008
8812 2 4 4 22571842
8874 2 4 4 23563804
8880 2 4 4 22827386
8915 2 4 4 1893352
8920 2 4 4 27779254
8972 2 4 4 23910998
8993 2 4 4 22586136
9065 2 4 4 2193966
9102 2 4 4 2931050
9184 2 4 4 22072963
9190 2 4 4 3269880
9215 2 4 4 24307784
9235 2 4 4 25038585
9245 2 4 4 2777600
9260 2 4 4 2865912
9283 2 4 4 26530904
9302 2 4 4 22344308
9324 2 4 4 29535362
9343 2 4 4 25759185
9361 2 4 4 27655688
9366 2 4 4 22890268
9367 2 4 4 23923356
9378 2 4 4 24085356
9387 2 4 4 2920314
9417 2 4 4 22925780
9457 2 4 4 25140776
9508 2 4 4 23667968
9546 2 4 4 3200786
9559 2 4 4 23526956
9561 2 4 4 1923996
9563 2 4 4 26364734
9569 2 4 4 3396672
9570 2 4 4 28185963
9571 2 4 4 3148530
9633 2 4 4 3330072
9638 2 4 4 24086642
9648 2 4 4 36062232
9671 2 4 4 21947298
9706 2 4 4 25295112
9749 2 4 4 29251272
9780 2 4 4 27152734
9814 2 4 4 3397878
9822 2 4 4 25095592
9836 2 4 4 22761816
9871 2 4 4 32605696
9910 2 4 4 2409480
9911 2 4 4 3184987
9981 2 4 4 3407152
9990 2 4 4 26072900
10082 2 4 4 21837761
10084 2 4 4 28229448
10137 2 4 4 3051936
10142 2 4 4 31559598
10204 2 4 4 23518228
10253 2 4 4 24947314
10283 2 4 4 25700298
10284 2 4 4 22090010
10301 2 4 4 28649408
10574 2 4 4 30650784
10620 2 4 4 2972520
10627 2 4 4 3454464
10652 2 4 4 1500792
10675 2 4 4 2947065
10742 2 4 4 23972238
10783 2 4 4 3133272
10788 2 4 4 2655600
10833 2 4 4 30645584
10839 2 4 4 31635500
10950 2 4 4 24934554
10959 2 4 4 25409876
10982 2 4 4 2510440
11027 2 4 4 27445972
11040 2 4 4 31039110
11142 2 4 4 23807276
11196 2 4 4 26034914
11209 2 4 4 2883576
11289 2 4 4 2750728
11299 2 4 4 24735545
11361 2 4 4 32007320
11479 2 4 4 27322812
11534 2 4 4 32016641
11598 2 4 4 25431092
11607 2 4 4 2016183
11620 2 4 4 27607116
11707 2 4 4 24456318
11771 2 4 4 24479893
11786 2 4 4 31118566
11927 2 4 4 26542162
12044 2 4 4 3475782
12294 2 4 4 24100360
12308 2 4 4 30263332
12411 2 4 4 27086107
12415 2 4 4 29815556
12449 2 4 4 23936844
12499 2 4 4 28804556
12521 2 4 4 28144152
12651 2 4 4 24959294
12845 2 4 4 24694882
13075 2 4 4 23969524
13087 2 4 4 28035212
13095 2 4 4 26627978
13124 2 4 4 26720761
13130 2 4 4 33413636
13196 2 4 4 24121914
13216 2 4 4 23934902
13246 2 4 4 24746280
13336 2 4 4 24060794
13353 2 4 4 25052608
13364 2 4 4 29349200
13453 2 4 4 28071344
13458 2 4 4 24714281
13527 2 4 4 25803536
13575 2 4 4 26463440
13599 2 4 4 33016024
13640 2 4 4 25602797
13643 2 4 4 23714800
13756 2 4 4 26181806
13782 2 4 4 27461066
13793 2 4 4 24051284
13796 2 4 4 28779912
13833 2 4 4 27032034
13904 2 4 4 25081696
13989 2 4 4 23790188
14046 2 4 4 26516618
14102 2 4 4 25213203
14166 2 4 4 26248240
14183 2 4 4 25667526
14320 2 4 4 28826158
14323 2 4 4 25466384
14456 2 4 4 23552868
14463 2 4 4 24245120
14503 2 4 4 25210504
14530 2 4 4 23626197
14651 2 4 4 23792592
14741 2 4 4 26607424
14751 2 4 4 25282488
14816 2 4 4 27941676
14859 2 4 4 32344008
14882 2 4 4 26622100
15193 2 4 4 27299632
15304 2 4 4 26631219
15383 2 4 4 28046896
15405 2 4 4 25530864
15621 2 4 4 25535085
15672 2 4 4 31231101
15821 2 4 4 31421013
15900 2 4 4 27954662
16178 2 4 4 25699024
16267 2 4 4 32661778
16488 2 4 4 28427778
16569 2 4 4 27122808
16601 2 4 4 28299120
16613 2 4 4 26149600
16624 2 4 4 30117108
16996 2 4 4 29579674
17181 2 4 4 28461291
17601 2 4 4 29048482
17709 2 4 4 26694040
17750 2 4 4 34509172
17771 2 4 4 27285149
18165 2 4 4 26950660
18201 2 4 4 29787144
18312 2 4 4 30010868
18371 2 4 4 29605520
18380 2 4 4 28190414
18396 2 4 4 32799740
18486 2 4 4 34620366
18532 2 4 4 27850212
18550 2 4 4 26234240
18561 2 4 4 27226464
18756 2 4 4 28652884
18783 2 4 4 28665068
18851 2 4 4 27672356
19130 2 4 4 28861802
19303 2 4 4 25853778
19395 2 4 4 26248460
19525 2 4 4 27019098
19620 2 4 4 30163485
19623 2 4 4 27594476
19684 2 4 4 27920354
19784 2 4 4 26758456
19920 2 4 4 26781532
19930 2 4 4 26744034
19931 2 4 4 29903496
20109 2 4 4 26036152
20138 2 4 4 25965856
20147 2 4 4 32515636
20183 2 4 4 27245032
20335 2 4 4 25651788
20390 2 4 4 30825936
20473 2 4 4 27051392
20651 2 4 4 27652514
20662 2 4 4 26890824
20835 2 4 4 32100392
21068 2 4 4 28187650
21275 2 4 4 27820964
21584 2 4 4 25879958
21818 2 4 4 32798144
22600 2 4 4 27262320
22742 2 4 4 30632070
22998 2 4 4 26274831
23065 2 4 4 26477405
23176 2 4 4 27350872
23231 2 4 4 26502498
23234 2 4 4 28161418
23393 2 4 4 28883608
23463 2 4 4 31117414
23690 2 4 4 27215568
23828 2 4 4 26271968
24262 2 4 4 31712424
24374 2 4 4 27324779
24462 2 4 4 28844546
24718 2 4 4 32747536
25104 2 4 4 29843944
25373 2 4 4 32959859
25374 2 4 4 26595452
25664 2 4 4 26053763
25716 2 4 4 30270986
25951 2 4 4 38330011
25971 2 4 4 31474808
26019 2 4 4 31827362
26417 2 4 4 26815828
26717 2 4 4 27384032
27297 2 4 4 26836884
27392 2 4 4 27195862
27524 2 4 4 26803610
27985 2 4 4 27026944
28011 2 4 4 26527764
28043 2 4 4 26814582
28081 2 4 4 27047233
28191 2 4 4 33993181
28357 2 4 4 26314991
28451 2 4 4 27976869
28635 2 4 4 26805122
28792 2 4 4 26270680
28918 2 4 4 28269092
29266 2 4 4 25782672
29423 2 4 4 32675254
29508 2 4 4 34037561
29608 2 4 4 29149592
29833 2 4 4 35598513
30118 2 4 4 33765525
30252 2 4 4 28405992
30335 2 4 4 36255946
30505 2 4 4 31028166
30683 2 4 4 27568312
30716 2 4 4 28221732
30717 2 4 4 32088891
30750 2 4 4 34351541
31113 2 4 4 35361892
31135 2 4 4 32282553
31203 2 4 4 29397423
31540 2 4 4 29989092
31595 2 4 4 33501637
31695 2 4 4 31633532
31741 2 4 4 30015728
32011 2 4 4 28348626
32268 2 4 4 34144850
32314 2 4 4 27910774
32553 2 4 4 29275842
32622 2 4 4 30129640
32774 2 4 4 27780320
32847 2 4 4 28655710
32941 2 4 4 27579526
33461 2 4 4 29687174
33717 2 4 4 35510248
33732 2 4 4 31462841
33794 2 4 4 31666894
34250 2 4 4 37135764
35309 2 4 4 30645926
35331 2 4 4 32260404
35368 2 4 4 31451326
35402 2 4 4 27916930
35480 2 4 4 29371304
