505872 2 3 4 100036
504841 2 3 4 100264
506213 2 3 4 100512
509184 2 3 4 100640
500656 2 3 4 100848
505688 2 3 4 100959
503086 2 3 4 101008
506828 2 3 4 101124
510361 2 3 4 101280
507498 2 3 4 101574
509813 2 3 4 101838
513238 2 3 4 102306
512771 2 3 4 102400
509203 2 3 4 102512
512633 2 3 4 103020
504784 2 3 4 103636
500037 2 3 4 103734
503959 2 3 4 103776
500111 2 3 4 104020
510428 2 3 4 104160
511638 2 3 4 104304
508731 2 3 4 104516
507049 2 3 4 104632
512487 2 3 4 104788
504651 2 3 4 104856
502266 2 3 4 105108
500010 2 3 4 105392
511087 2 3 4 105660
501148 2 3 4 105820
509867 2 3 4 105876
506726 2 3 4 105984
503541 2 3 4 106029
504599 2 3 4 106066
508958 2 3 4 106382
502088 2 3 4 106596
511649 2 3 4 106596
507709 2 3 4 106848
501345 2 3 4 107212
500841 2 3 4 107250
510972 2 3 4 107361
512826 2 3 4 107478
504957 2 3 4 108560
500694 2 3 4 109032
504985 2 3 4 110348
508882 2 3 4 110526
508547 2 3 4 110880
509029 2 3 4 111088
510498 2 3 4 111708
501649 2 3 4 111870
509872 2 3 4 112012
511484 2 3 4 112488
511928 2 3 4 112840
508147 2 3 4 112868
505741 2 3 4 113305
510858 2 3 4 113600
508082 2 3 4 114048
509188 2 3 4 114240
511937 2 3 4 114400
512369 2 3 4 114789
505846 2 3 4 114960
512675 2 3 4 114968
500178 2 3 4 115360
509135 2 3 4 115920
502558 2 3 4 116896
505088 2 3 4 118584
505621 2 3 4 118594
505565 2 3 4 119880
511316 2 3 4 119936
509179 2 3 4 120516
512880 2 3 4 120912
503585 2 3 4 120960
510610 2 3 4 121095
506874 2 3 4 121148
509729 2 3 4 122040
506656 2 3 4 122064
508307 2 3 4 122496
507843 2 3 4 122520
503460 2 3 4 122640
505427 2 3 4 122796
509237 2 3 4 122960
507977 2 3 4 123312
505235 2 3 4 123710
510909 2 3 4 123738
507210 2 3 4 123840
500957 2 3 4 124185
510256 2 3 4 124410
505819 2 3 4 124650
506157 2 3 4 124740
500132 2 3 4 124800
511761 2 3 4 124829
502369 2 3 4 125718
504608 2 3 4 125730
511703 2 3 4 125874
503830 2 3 4 125928
508084 2 3 4 126850
511190 2 3 4 127239
502293 2 3 4 127434
500574 2 3 4 127820
501672 2 3 4 127836
502102 2 3 4 128030
501742 2 3 4 128520
507517 2 3 4 128588
503568 2 3 4 128592
509516 2 3 4 128920
503418 2 3 4 129000
507576 2 3 4 129014
506118 2 3 4 129780
502581 2 3 4 130176
512501 2 3 4 130203
500771 2 3 4 130460
501476 2 3 4 130464
508327 2 3 4 130572
501971 2 3 4 130599
500009 2 3 4 130624
506444 2 3 4 130944
510085 2 3 4 131145
508194 2 3 4 131454
506394 2 3 4 131505
502312 2 3 4 132384
500465 2 3 4 132394
512692 2 3 4 132480
500983 2 3 4 132664
500470 2 3 4 133245
508422 2 3 4 133326
500894 2 3 4 134080
510592 2 3 4 134290
502783 2 3 4 134550
504781 2 3 4 134596
505095 2 3 4 134680
504270 2 3 4 134736
508990 2 3 4 135284
503860 2 3 4 135894
503400 2 3 4 136116
506063 2 3 4 136500
500938 2 3 4 136680
500306 2 3 4 137004
507992 2 3 4 137432
502795 2 3 4 138040
510895 2 3 4 138300
506402 2 3 4 138512
502074 2 3 4 138684
507097 2 3 4 138856
502463 2 3 4 139360
500143 2 3 4 139564
502585 2 3 4 139620
507024 2 3 4 139780
507017 2 3 4 140128
505404 2 3 4 140346
505829 2 3 4 140910
504571 2 3 4 141120
500240 2 3 4 141240
506871 2 3 4 142142
508535 2 3 4 142459
503197 2 3 4 142676
513324 2 3 4 142740
510166 2 3 4 143112
507509 2 3 4 143136
512191 2 3 4 143208
513162 2 3 4 143208
512947 2 3 4 144012
503263 2 3 4 144738
508057 2 3 4 145728
510809 2 3 4 145770
503661 2 3 4 146250
511907 2 3 4 146300
504954 2 3 4 146928
509830 2 3 4 147312
505521 2 3 4 148120
501426 2 3 4 148330
504724 2 3 4 148672
500131 2 3 4 148680
502891 2 3 4 148896
511802 2 3 4 149410
513135 2 3 4 149592
506325 2 3 4 149760
506503 2 3 4 150150
511498 2 3 4 150150
501121 2 3 4 150722
507712 2 3 4 151105
511159 2 3 4 151788
502919 2 3 4 152086
506906 2 3 4 152256
500288 2 3 4 152352
510494 2 3 4 152640
505186 2 3 4 153552
501500 2 3 4 154539
505539 2 3 4 155520
503402 2 3 4 156156
503570 2 3 4 156480
503720 2 3 4 156578
506471 2 3 4 156860
502676 2 3 4 157248
511440 2 3 4 157596
512760 2 3 4 158100
507821 2 3 4 158378
507407 2 3 4 159500
503608 2 3 4 160160
506371 2 3 4 160704
501663 2 3 4 160864
504133 2 3 4 161024
512059 2 3 4 161532
509323 2 3 4 161644
505396 2 3 4 161820
503169 2 3 4 162228
501150 2 3 4 162300
500441 2 3 4 162392
510319 2 3 4 162680
506194 2 3 4 163296
501639 2 3 4 163480
500161 2 3 4 163560
501356 2 3 4 164433
502359 2 3 4 164680
512113 2 3 4 164880
512957 2 3 4 165078
512083 2 3 4 165753
506312 2 3 4 167444
510644 2 3 4 168329
505786 2 3 4 168960
510624 2 3 4 169012
502171 2 3 4 169248
501830 2 3 4 169400
512228 2 3 4 169920
503003 2 3 4 171336
504327 2 3 4 171656
503398 2 3 4 171864
502386 2 3 4 172044
507222 2 3 4 172272
508574 2 3 4 172500
501325 2 3 4 172520
502296 2 3 4 172800
502921 2 3 4 172800
503408 2 3 4 172992
511832 2 3 4 173556
511647 2 3 4 174066
510064 2 3 4 174510
501833 2 3 4 174796
505457 2 3 4 175512
502883 2 3 4 175784
503717 2 3 4 175828
507099 2 3 4 176046
506407 2 3 4 176064
510889 2 3 4 176628
501368 2 3 4 176648
501556 2 3 4 177008
504551 2 3 4 178200
506722 2 3 4 178618
512639 2 3 4 179520
505597 2 3 4 179872
509377 2 3 4 179914
510921 2 3 4 180264
501906 2 3 4 180340
502179 2 3 4 180684
505968 2 3 4 180900
503399 2 3 4 182196
501182 2 3 4 182644
501216 2 3 4 182988
502661 2 3 4 183027
500123 2 3 4 184600
505784 2 3 4 184800
510803 2 3 4 184960
509851 2 3 4 186079
500857 2 3 4 186648
500910 2 3 4 186732
512653 2 3 4 187372
513188 2 3 4 187479
502460 2 3 4 187636
503095 2 3 4 187664
511636 2 3 4 188250
504577 2 3 4 188320
510253 2 3 4 188478
500003 2 3 4 188880
501698 2 3 4 189610
507635 2 3 4 189625
508737 2 3 4 189740
512697 2 3 4 189996
505795 2 3 4 190575
509583 2 3 4 191470
501540 2 3 4 191496
503320 2 3 4 191744
508490 2 3 4 191760
512677 2 3 4 191760
505150 2 3 4 192360
507668 2 3 4 192375
503941 2 3 4 193200
505459 2 3 4 193750
509870 2 3 4 193848
501829 2 3 4 193898
500622 2 3 4 194099
511346 2 3 4 194139
512923 2 3 4 196560
504857 2 3 4 196612
501586 2 3 4 197106
500374 2 3 4 197508
509393 2 3 4 198372
507359 2 3 4 198492
509564 2 3 4 198720
502329 2 3 4 199171
508148 2 3 4 199640
513443 2 3 4 199680
502728 2 3 4 199980
500438 2 3 4 200692
517392 2 3 4 200802
501961 2 3 4 200928
507059 2 3 4 201096
502678 2 3 4 201620
520195 2 3 4 201828
508250 2 3 4 201900
512301 2 3 4 202176
516090 2 3 4 202176
504153 2 3 4 202212
504601 2 3 4 202272
508944 2 3 4 202316
510036 2 3 4 202944
514123 2 3 4 203112
502531 2 3 4 203154
513247 2 3 4 203784
519645 2 3 4 204468
513365 2 3 4 204486
508004 2 3 4 204614
517652 2 3 4 204624
510232 2 3 4 204750
520755 2 3 4 204884
514774 2 3 4 205205
511855 2 3 4 205224
504712 2 3 4 205375
508890 2 3 4 205592
519834 2 3 4 205795
516270 2 3 4 205975
517212 2 3 4 206112
509366 2 3 4 206550
501667 2 3 4 206880
517285 2 3 4 207441
513647 2 3 4 207600
516422 2 3 4 207784
510724 2 3 4 207900
502991 2 3 4 208171
503766 2 3 4 209024
516317 2 3 4 210144
516466 2 3 4 210384
511582 2 3 4 210600
501704 2 3 4 210672
520459 2 3 4 211248
520403 2 3 4 211296
506271 2 3 4 211580
503554 2 3 4 211752
500626 2 3 4 212984
508040 2 3 4 213304
502831 2 3 4 213428
504768 2 3 4 213750
515180 2 3 4 214140
515832 2 3 4 214488
520467 2 3 4 214800
512309 2 3 4 215002
514812 2 3 4 215364
507257 2 3 4 215834
511559 2 3 4 216177
514320 2 3 4 216648
514461 2 3 4 216956
504834 2 3 4 217152
502038 2 3 4 217248
515406 2 3 4 217470
518422 2 3 4 217945
501096 2 3 4 218096
505835 2 3 4 218373
518062 2 3 4 218484
502396 2 3 4 218772
511420 2 3 4 218862
516208 2 3 4 219894
503339 2 3 4 220224
519250 2 3 4 220880
508416 2 3 4 221052
510757 2 3 4 221116
501493 2 3 4 221364
508565 2 3 4 221490
516143 2 3 4 221900
520257 2 3 4 221980
510572 2 3 4 222528
515670 2 3 4 222552
508783 2 3 4 222574
512520 2 3 4 222948
509824 2 3 4 223366
508493 2 3 4 223853
518670 2 3 4 224000
520877 2 3 4 224370
511903 2 3 4 224518
519720 2 3 4 224584
500509 2 3 4 224840
520207 2 3 4 225704
512688 2 3 4 225750
519613 2 3 4 225792
515146 2 3 4 225951
516560 2 3 4 226100
508059 2 3 4 226800
517986 2 3 4 226872
503130 2 3 4 227392
518284 2 3 4 227656
505245 2 3 4 227696
503659 2 3 4 227808
511621 2 3 4 228046
516516 2 3 4 228092
510363 2 3 4 228114
503794 2 3 4 228456
502188 2 3 4 228480
502852 2 3 4 228744
503018 2 3 4 228800
513918 2 3 4 229284
515796 2 3 4 230394
518926 2 3 4 230584
508347 2 3 4 231556
504524 2 3 4 232254
513014 2 3 4 232300
505270 2 3 4 232352
508870 2 3 4 232606
500600 2 3 4 232725
508051 2 3 4 232764
516627 2 3 4 232848
506379 2 3 4 233272
509488 2 3 4 233308
503560 2 3 4 233640
519914 2 3 4 233792
511471 2 3 4 233920
507237 2 3 4 234720
500442 2 3 4 234940
506818 2 3 4 235008
509608 2 3 4 235246
510736 2 3 4 235466
504967 2 3 4 235620
518564 2 3 4 235640
520389 2 3 4 237000
515739 2 3 4 237272
507784 2 3 4 237360
502781 2 3 4 237534
512408 2 3 4 238012
508235 2 3 4 238496
516419 2 3 4 238567
518711 2 3 4 238826
513651 2 3 4 239360
519081 2 3 4 239730
504057 2 3 4 239760
508835 2 3 4 239774
508215 2 3 4 240576
513791 2 3 4 241080
518207 2 3 4 241150
512985 2 3 4 241680
510505 2 3 4 243318
513399 2 3 4 243552
512626 2 3 4 243584
514730 2 3 4 243723
504219 2 3 4 243800
502662 2 3 4 243936
509674 2 3 4 244280
519541 2 3 4 244684
515753 2 3 4 244920
518279 2 3 4 245098
518313 2 3 4 245178
515900 2 3 4 246564
500391 2 3 4 246768
513216 2 3 4 247848
509105 2 3 4 247967
504495 2 3 4 249008
515990 2 3 4 249504
517748 2 3 4 249524
500945 2 3 4 249912
507583 2 3 4 250068
507449 2 3 4 250120
508784 2 3 4 250266
507201 2 3 4 250344
501996 2 3 4 251040
512416 2 3 4 251104
519687 2 3 4 251370
512345 2 3 4 253584
501460 2 3 4 254043
501664 2 3 4 254176
515566 2 3 4 254178
506200 2 3 4 254180
502073 2 3 4 254342
509066 2 3 4 254400
516693 2 3 4 254474
502065 2 3 4 254664
512362 2 3 4 254820
503485 2 3 4 255510
516174 2 3 4 255750
516715 2 3 4 257012
517797 2 3 4 257125
502779 2 3 4 257256
500745 2 3 4 257468
506583 2 3 4 257544
507430 2 3 4 257600
520675 2 3 4 258298
518880 2 3 4 259028
512317 2 3 4 260400
505707 2 3 4 260832
514431 2 3 4 261252
520094 2 3 4 263069
504043 2 3 4 263120
502846 2 3 4 263190
506617 2 3 4 263264
520204 2 3 4 264248
501118 2 3 4 264600
501756 2 3 4 265680
515357 2 3 4 266124
509171 2 3 4 266848
518045 2 3 4 267300
500962 2 3 4 267924
500369 2 3 4 268026
511550 2 3 4 268284
504448 2 3 4 268956
502407 2 3 4 269059
512122 2 3 4 269581
517591 2 3 4 270000
509714 2 3 4 270108
509442 2 3 4 270354
519972 2 3 4 270396
510309 2 3 4 270400
501676 2 3 4 270720
502420 2 3 4 270848
508723 2 3 4 271040
508657 2 3 4 271232
500304 2 3 4 271648
502720 2 3 4 271660
518677 2 3 4 271884
517057 2 3 4 272104
502494 2 3 4 272130
513286 2 3 4 272640
506779 2 3 4 273240
517521 2 3 4 273728
510480 2 3 4 273916
508563 2 3 4 274032
514113 2 3 4 274176
507691 2 3 4 275040
514596 2 3 4 275200
519038 2 3 4 275238
518818 2 3 4 275560
505910 2 3 4 275652
501472 2 3 4 276420
507952 2 3 4 276432
515153 2 3 4 276624
506239 2 3 4 276705
512966 2 3 4 277008
513843 2 3 4 277200
505775 2 3 4 277888
510350 2 3 4 278256
501094 2 3 4 278300
500958 2 3 4 278746
510013 2 3 4 279250
501982 2 3 4 279258
511265 2 3 4 279552
504372 2 3 4 280118
507459 2 3 4 280320
507780 2 3 4 281996
506329 2 3 4 282240
505962 2 3 4 282552
511442 2 3 4 283128
503386 2 3 4 283627
514165 2 3 4 284250
519075 2 3 4 284380
513551 2 3 4 284472
506937 2 3 4 285032
508388 2 3 4 285054
501779 2 3 4 285120
512982 2 3 4 285208
519288 2 3 4 285420
515671 2 3 4 286396
511465 2 3 4 286627
503539 2 3 4 287184
517415 2 3 4 287260
509086 2 3 4 287712
501275 2 3 4 287826
506612 2 3 4 287966
504170 2 3 4 288401
514866 2 3 4 289218
503091 2 3 4 289578
515415 2 3 4 289668
513667 2 3 4 290472
519437 2 3 4 290472
517770 2 3 4 290640
513099 2 3 4 291840
502439 2 3 4 292334
504934 2 3 4 292496
500504 2 3 4 292988
506058 2 3 4 293208
517621 2 3 4 293700
500970 2 3 4 294488
518883 2 3 4 294576
512830 2 3 4 294624
508122 2 3 4 294756
513749 2 3 4 295200
504143 2 3 4 295488
513583 2 3 4 295604
503118 2 3 4 295650
514470 2 3 4 295836
508506 2 3 4 295880
503475 2 3 4 296559
501446 2 3 4 296637
518132 2 3 4 297528
507703 2 3 4 298158
500959 2 3 4 298592
501206 2 3 4 299288
514171 2 3 4 299322
513293 2 3 4 299472
502001 2 3 4 300096
516752 2 3 4 300160
512827 2 3 4 300276
507270 2 3 4 300370
503633 2 3 4 300390
502975 2 3 4 301410
507025 2 3 4 301872
515776 2 3 4 301928
504132 2 3 4 302220
514281 2 3 4 302270
510952 2 3 4 302376
505116 2 3 4 302500
500968 2 3 4 302673
507704 2 3 4 302736
511890 2 3 4 302784
502737 2 3 4 303094
509220 2 3 4 303452
500425 2 3 4 303536
511214 2 3 4 304194
511941 2 3 4 305136
511436 2 3 4 305830
507538 2 3 4 305844
517043 2 3 4 306448
520593 2 3 4 307654
518914 2 3 4 308016
506481 2 3 4 308024
501082 2 3 4 308484
514082 2 3 4 308560
502010 2 3 4 308598
502709 2 3 4 309960
506693 2 3 4 311040
516961 2 3 4 311096
506443 2 3 4 311100
517710 2 3 4 311220
507752 2 3 4 311678
511675 2 3 4 312000
517289 2 3 4 312504
516190 2 3 4 312512
511765 2 3 4 312528
510482 2 3 4 313272
519300 2 3 4 313644
518911 2 3 4 313854
500462 2 3 4 314160
509820 2 3 4 314412
505961 2 3 4 314500
513681 2 3 4 315240
516155 2 3 4 315732
519696 2 3 4 316240
500666 2 3 4 317020
511631 2 3 4 317928
520322 2 3 4 318912
515830 2 3 4 319104
500871 2 3 4 319968
509895 2 3 4 320544
503142 2 3 4 320768
512667 2 3 4 321584
514286 2 3 4 322040
516462 2 3 4 322452
501747 2 3 4 323232
519544 2 3 4 323600
505618 2 3 4 323680
510079 2 3 4 324012
514180 2 3 4 324424
510503 2 3 4 324558
513825 2 3 4 324700
520568 2 3 4 325050
513285 2 3 4 325185
506059 2 3 4 325321
505203 2 3 4 325414
503427 2 3 4 326151
503464 2 3 4 326456
520573 2 3 4 326700
517632 2 3 4 327008
518466 2 3 4 327168
504557 2 3 4 327332
500676 2 3 4 327472
514884 2 3 4 327570
517179 2 3 4 328032
513525 2 3 4 328040
507808 2 3 4 328304
504846 2 3 4 328559
518339 2 3 4 328594
507799 2 3 4 328878
500655 2 3 4 329640
503051 2 3 4 329758
506618 2 3 4 330004
516125 2 3 4 330400
505037 2 3 4 331240
503710 2 3 4 331280
506731 2 3 4 331436
511135 2 3 4 331534
502455 2 3 4 331632
517786 2 3 4 331776
503558 2 3 4 331800
505577 2 3 4 332788
502932 2 3 4 332866
514105 2 3 4 333086
506843 2 3 4 333200
508385 2 3 4 333324
511107 2 3 4 333464
510686 2 3 4 333976
520436 2 3 4 334540
513438 2 3 4 335031
510435 2 3 4 335160
504714 2 3 4 335256
514751 2 3 4 335400
520408 2 3 4 336168
518796 2 3 4 336180
510528 2 3 4 336312
506468 2 3 4 336648
508613 2 3 4 337392
518189 2 3 4 337820
514680 2 3 4 338000
520282 2 3 4 338208
516158 2 3 4 338424
510472 2 3 4 338688
512057 2 3 4 338870
502260 2 3 4 338910
509892 2 3 4 339297
510673 2 3 4 339328
515687 2 3 4 339384
512330 2 3 4 339480
511920 2 3 4 340232
504427 2 3 4 340599
520698 2 3 4 340719
500648 2 3 4 341076
506404 2 3 4 341352
507609 2 3 4 341388
505031 2 3 4 341504
511020 2 3 4 342336
509073 2 3 4 343568
519462 2 3 4 343758
513146 2 3 4 344792
512888 2 3 4 344892
516604 2 3 4 345016
516608 2 3 4 345068
506327 2 3 4 345610
510242 2 3 4 346104
518699 2 3 4 346290
507568 2 3 4 346304
502387 2 3 4 347312
500481 2 3 4 347536
501185 2 3 4 348480
505398 2 3 4 348612
518967 2 3 4 349048
509952 2 3 4 349624
507150 2 3 4 349676
511052 2 3 4 349864
517802 2 3 4 350020
500557 2 3 4 350474
506421 2 3 4 352317
516810 2 3 4 352800
517466 2 3 4 352920
507374 2 3 4 353059
504553 2 3 4 353064
516173 2 3 4 353384
506690 2 3 4 354000
500050 2 3 4 354296
517394 2 3 4 354375
515452 2 3 4 354858
503827 2 3 4 355120
509381 2 3 4 355368
508025 2 3 4 355552
516003 2 3 4 355822
504952 2 3 4 356076
500370 2 3 4 356362
517407 2 3 4 356694
504430 2 3 4 357000
516551 2 3 4 357210
515437 2 3 4 357280
504902 2 3 4 357390
518276 2 3 4 357642
518366 2 3 4 357744
509621 2 3 4 358064
517575 2 3 4 358104
501305 2 3 4 358110
503739 2 3 4 358750
514969 2 3 4 358800
509167 2 3 4 358888
511663 2 3 4 359100
504555 2 3 4 359680
516289 2 3 4 360020
510524 2 3 4 360180
510574 2 3 4 360360
502337 2 3 4 360592
500142 2 3 4 361128
500584 2 3 4 361248
510899 2 3 4 361665
502727 2 3 4 361746
500483 2 3 4 361856
502389 2 3 4 361900
513271 2 3 4 362052
516465 2 3 4 362066
512710 2 3 4 362124
514100 2 3 4 362232
505089 2 3 4 362310
514877 2 3 4 362358
504858 2 3 4 362520
503322 2 3 4 362584
506660 2 3 4 362880
517055 2 3 4 363264
510817 2 3 4 363495
503108 2 3 4 364420
514640 2 3 4 364800
515381 2 3 4 365462
512220 2 3 4 365670
512911 2 3 4 365700
503816 2 3 4 365980
518823 2 3 4 366080
514857 2 3 4 366168
500747 2 3 4 366268
505675 2 3 4 366660
507458 2 3 4 366720
516568 2 3 4 367416
509079 2 3 4 367950
509444 2 3 4 367996
500433 2 3 4 368072
515238 2 3 4 368125
506166 2 3 4 368184
507109 2 3 4 369112
513067 2 3 4 369600
509193 2 3 4 370152
515788 2 3 4 370392
505280 2 3 4 370928
516431 2 3 4 371712
518632 2 3 4 371770
500434 2 3 4 371984
512349 2 3 4 372320
510710 2 3 4 372360
510206 2 3 4 372600
517441 2 3 4 373760
510190 2 3 4 373800
519266 2 3 4 373920
520220 2 3 4 375900
520015 2 3 4 375972
506423 2 3 4 376428
519015 2 3 4 376766
513123 2 3 4 376992
508752 2 3 4 378144
505043 2 3 4 378840
506963 2 3 4 379904
519664 2 3 4 381024
517312 2 3 4 381152
514423 2 3 4 381276
518528 2 3 4 381568
507819 2 3 4 381570
510192 2 3 4 381824
518905 2 3 4 382176
502801 2 3 4 382720
515678 2 3 4 382800
511849 2 3 4 383040
518113 2 3 4 383264
517818 2 3 4 384000
504299 2 3 4 384132
504416 2 3 4 384384
511481 2 3 4 384846
507624 2 3 4 384944
504202 2 3 4 385730
516936 2 3 4 385840
515994 2 3 4 387096
519415 2 3 4 387218
506222 2 3 4 387340
513945 2 3 4 387840
509034 2 3 4 388206
500070 2 3 4 388294
503306 2 3 4 388360
507188 2 3 4 388360
503327 2 3 4 388548
504465 2 3 4 388644
504002 2 3 4 388648
518320 2 3 4 388700
520702 2 3 4 389400
517534 2 3 4 389536
501994 2 3 4 389844
518214 2 3 4 390312
503983 2 3 4 390600
500925 2 3 4 390888
506491 2 3 4 392445
508477 2 3 4 392580
511315 2 3 4 393164
503094 2 3 4 393192
507305 2 3 4 393718
512654 2 3 4 393737
512499 2 3 4 393738
503153 2 3 4 393750
514373 2 3 4 394200
513447 2 3 4 394320
502719 2 3 4 394440
514494 2 3 4 395136
516700 2 3 4 395772
512038 2 3 4 396270
504918 2 3 4 396304
508310 2 3 4 396360
504166 2 3 4 396828
511930 2 3 4 397192
517839 2 3 4 397720
502872 2 3 4 398034
509486 2 3 4 398272
505136 2 3 4 398812
513537 2 3 4 399168
510793 2 3 4 400064
502079 2 3 4 400160
509974 2 3 4 400830
508899 2 3 4 400860
502859 2 3 4 401104
512090 2 3 4 401128
506044 2 3 4 401472
502944 2 3 4 401500
516395 2 3 4 401715
512042 2 3 4 401760
505535 2 3 4 402376
502480 2 3 4 402852
514541 2 3 4 402948
500360 2 3 4 402992
505696 2 3 4 403090
501980 2 3 4 403648
510719 2 3 4 403836
507585 2 3 4 404200
500162 2 3 4 404670
508077 2 3 4 404721
503416 2 3 4 405132
500029 2 3 4 405256
514119 2 3 4 405576
509095 2 3 4 405720
508673 2 3 4 406038
500269 2 3 4 406224
513524 2 3 4 406901
500544 2 3 4 406944
513738 2 3 4 407236
510931 2 3 4 408272
512542 2 3 4 408576
506111 2 3 4 408665
508460 2 3 4 408766
508503 2 3 4 408774
513949 2 3 4 409279
506792 2 3 4 409500
501935 2 3 4 410256
511292 2 3 4 410320
512924 2 3 4 410352
515181 2 3 4 411264
514142 2 3 4 411321
514719 2 3 4 411700
516411 2 3 4 413004
500944 2 3 4 413349
507100 2 3 4 413826
505674 2 3 4 414120
510056 2 3 4 414390
506643 2 3 4 415168
516199 2 3 4 415520
511861 2 3 4 415800
506697 2 3 4 416532
503759 2 3 4 416668
503939 2 3 4 416800
504765 2 3 4 417216
510559 2 3 4 417294
514793 2 3 4 417298
512400 2 3 4 417652
509961 2 3 4 417688
506367 2 3 4 418436
512427 2 3 4 418476
512894 2 3 4 418880
507649 2 3 4 419482
500199 2 3 4 419490
513922 2 3 4 419521
504762 2 3 4 419958
512859 2 3 4 420552
506701 2 3 4 421118
504172 2 3 4 421200
512483 2 3 4 421848
506841 2 3 4 422406
509365 2 3 4 422912
500485 2 3 4 423092
501428 2 3 4 423934
504592 2 3 4 424080
514347 2 3 4 424320
506378 2 3 4 424560
515833 2 3 4 426522
505937 2 3 4 427392
515117 2 3 4 427392
513579 2 3 4 427884
511307 2 3 4 428283
509710 2 3 4 428640
515135 2 3 4 428770
513634 2 3 4 428792
502935 2 3 4 428910
510231 2 3 4 428960
513908 2 3 4 429120
516364 2 3 4 429149
503218 2 3 4 429462
514326 2 3 4 429624
501031 2 3 4 430056
504828 2 3 4 430606
505572 2 3 4 432432
506911 2 3 4 432439
512584 2 3 4 432768
507072 2 3 4 433440
506836 2 3 4 433672
513762 2 3 4 433944
505257 2 3 4 434150
510183 2 3 4 435600
502612 2 3 4 436308
502744 2 3 4 436752
506576 2 3 4 437216
505571 2 3 4 437733
505925 2 3 4 437780
511499 2 3 4 437850
508251 2 3 4 438438
508390 2 3 4 438480
514047 2 3 4 438480
516407 2 3 4 438672
508285 2 3 4 439531
502860 2 3 4 439568
505761 2 3 4 439668
512475 2 3 4 439872
513177 2 3 4 441350
508849 2 3 4 441414
514630 2 3 4 441440
506498 2 3 4 441540
505883 2 3 4 441728
513726 2 3 4 441936
511164 2 3 4 441960
516048 2 3 4 442170
512883 2 3 4 442700
509368 2 3 4 442854
502815 2 3 4 443088
513460 2 3 4 443232
503592 2 3 4 443608
506205 2 3 4 443632
502862 2 3 4 444540
510522 2 3 4 444600
502664 2 3 4 444720
500965 2 3 4 445308
502376 2 3 4 445884
500013 2 3 4 446188
511527 2 3 4 446340
515242 2 3 4 446448
511285 2 3 4 446664
502132 2 3 4 447000
500758 2 3 4 447120
500685 2 3 4 447216
501422 2 3 4 447580
508254 2 3 4 447678
501863 2 3 4 447930
501134 2 3 4 447944
501404 2 3 4 448040
516249 2 3 4 448448
510456 2 3 4 448512
509222 2 3 4 448640
515529 2 3 4 448896
515191 2 3 4 448920
505770 2 3 4 448938
502234 2 3 4 449864
503188 2 3 4 450800
508498 2 3 4 451290
500297 2 3 4 451389
514285 2 3 4 452128
515425 2 3 4 452288
502443 2 3 4 452466
509060 2 3 4 452520
513950 2 3 4 452650
509992 2 3 4 452732
511473 2 3 4 453080
501898 2 3 4 453096
508134 2 3 4 453600
508724 2 3 4 454044
516478 2 3 4 454116
508391 2 3 4 454950
515034 2 3 4 454952
508101 2 3 4 455136
510560 2 3 4 456120
504999 2 3 4 456144
509691 2 3 4 456246
513426 2 3 4 456560
502840 2 3 4 457200
500194 2 3 4 457247
505091 2 3 4 457320
503179 2 3 4 457920
501907 2 3 4 458208
513041 2 3 4 458358
515909 2 3 4 458768
514898 2 3 4 460200
501594 2 3 4 461448
514099 2 3 4 461616
502045 2 3 4 461760
504884 2 3 4 462172
501589 2 3 4 462204
502104 2 3 4 462210
511338 2 3 4 463104
512005 2 3 4 463680
514573 2 3 4 463680
503467 2 3 4 463760
501100 2 3 4 465120
507882 2 3 4 465480
502083 2 3 4 465744
513703 2 3 4 466128
513532 2 3 4 466320
515398 2 3 4 466840
514176 2 3 4 467250
504161 2 3 4 467310
504631 2 3 4 467566
504015 2 3 4 467712
514443 2 3 4 468264
506851 2 3 4 468600
503125 2 3 4 468792
511690 2 3 4 468950
515790 2 3 4 469196
513517 2 3 4 469200
514603 2 3 4 469242
504783 2 3 4 469405
512179 2 3 4 470580
516081 2 3 4 470820
513500 2 3 4 471156
508922 2 3 4 471872
514671 2 3 4 471880
514954 2 3 4 472056
502681 2 3 4 472500
500197 2 3 4 472560
509452 2 3 4 473040
513618 2 3 4 473184
501248 2 3 4 473364
515471 2 3 4 473760
513549 2 3 4 474660
515927 2 3 4 475200
504100 2 3 4 475300
511103 2 3 4 475968
505301 2 3 4 476160
509665 2 3 4 476256
504626 2 3 4 476784
501498 2 3 4 477000
506090 2 3 4 477040
509611 2 3 4 477204
511090 2 3 4 477224
514061 2 3 4 477312
505345 2 3 4 477472
511432 2 3 4 478656
504835 2 3 4 479150
506338 2 3 4 479150
502805 2 3 4 479160
514921 2 3 4 479500
511933 2 3 4 480256
510594 2 3 4 480282
515408 2 3 4 480480
504328 2 3 4 480590
516032 2 3 4 480952
502299 2 3 4 481284
513403 2 3 4 481920
508143 2 3 4 482020
505454 2 3 4 482482
511747 2 3 4 482976
508429 2 3 4 483320
504871 2 3 4 483840
505328 2 3 4 483840
512189 2 3 4 483930
513787 2 3 4 483992
511286 2 3 4 484584
508846 2 3 4 484598
503351 2 3 4 484704
506908 2 3 4 485298
509719 2 3 4 485444
506331 2 3 4 485600
509620 2 3 4 485775
513413 2 3 4 485802
512171 2 3 4 485982
510575 2 3 4 486036
516262 2 3 4 486168
505639 2 3 4 486304
511312 2 3 4 486414
509461 2 3 4 486504
504024 2 3 4 486528
511762 2 3 4 486744
506015 2 3 4 487104
501107 2 3 4 487680
507719 2 3 4 488240
507021 2 3 4 488376
512234 2 3 4 489402
506027 2 3 4 490176
504020 2 3 4 490728
513664 2 3 4 491040
505596 2 3 4 491724
505533 2 3 4 491904
515880 2 3 4 492136
508759 2 3 4 493074
508942 2 3 4 493406
511168 2 3 4 493468
513507 2 3 4 493776
513541 2 3 4 493948
513318 2 3 4 494164
501748 2 3 4 494760
500554 2 3 4 495360
515649 2 3 4 495808
509546 2 3 4 496440
504268 2 3 4 496756
504900 2 3 4 497260
505209 2 3 4 497276
501157 2 3 4 498480
511994 2 3 4 498760
515230 2 3 4 498784
500377 2 3 4 498960
508365 2 3 4 499758
506073 2 3 4 499968
