0 2 3 3 280608
4 2 3 3 164736
8 2 3 3 100116
10 2 3 3 105569
11 2 3 3 232404
16 2 3 3 205542
17 2 3 3 227088
18 2 3 3 110693
20 2 3 3 213696
26 2 3 3 212502
36 2 3 3 131670
37 2 3 3 143060
44 2 3 3 113582
45 2 3 3 110160
49 2 3 3 280140
63 2 3 3 301924
65 2 3 3 283845
67 2 3 3 133860
71 2 3 3 168204
75 2 3 3 102816
78 2 3 3 140940
79 2 3 3 213136
80 2 3 3 269990
82 2 3 3 123432
90 2 3 3 167238
94 2 3 3 336117
100 2 3 3 119529
105 2 3 3 126162
106 2 3 3 171255
113 2 3 3 214438
117 2 3 3 303728
126 2 3 3 114905
133 2 3 3 163296
134 2 3 3 254790
136 2 3 3 271800
143 2 3 3 357930
144 2 3 3 118800
149 2 3 3 126360
152 2 3 3 131922
153 2 3 3 117072
155 2 3 3 341532
160 2 3 3 208656
163 2 3 3 116850
164 2 3 3 184275
165 2 3 3 165668
170 2 3 3 274818
176 2 3 3 427652
177 2 3 3 123300
183 2 3 3 170800
185 2 3 3 230208
187 2 3 3 123508
190 2 3 3 408000
197 2 3 3 250992
199 2 3 3 183570
204 2 3 3 140716
207 2 3 3 143250
208 2 3 3 201474
212 2 3 3 375732
223 2 3 3 398658
224 2 3 3 106434
238 2 3 3 240948
240 2 3 3 148176
244 2 3 3 102060
245 2 3 3 256794
246 2 3 3 140896
256 2 3 3 135468
259 2 3 3 111936
272 2 3 3 163152
274 2 3 3 112288
275 2 3 3 149688
277 2 3 3 124200
281 2 3 3 206319
284 2 3 3 322320
285 2 3 3 172956
288 2 3 3 133767
292 2 3 3 168420
296 2 3 3 113712
297 2 3 3 211068
298 2 3 3 127980
299 2 3 3 173304
305 2 3 3 250323
308 2 3 3 186990
311 2 3 3 138930
318 2 3 3 115552
320 2 3 3 330240
324 2 3 3 248297
335 2 3 3 118080
336 2 3 3 164970
340 2 3 3 308493
351 2 3 3 262650
352 2 3 3 355191
362 2 3 3 123600
364 2 3 3 164736
368 2 3 3 122472
372 2 3 3 240516
375 2 3 3 100870
377 2 3 3 397386
382 2 3 3 160400
391 2 3 3 186576
392 2 3 3 215712
394 2 3 3 363660
395 2 3 3 121545
397 2 3 3 142270
402 2 3 3 246202
405 2 3 3 103968
411 2 3 3 193536
413 2 3 3 149850
417 2 3 3 231903
418 2 3 3 264741
425 2 3 3 412830
428 2 3 3 112924
435 2 3 3 100788
448 2 3 3 105462
458 2 3 3 149112
461 2 3 3 106408
464 2 3 3 234038
466 2 3 3 494500
468 2 3 3 125928
474 2 3 3 183480
477 2 3 3 121828
478 2 3 3 194376
479 2 3 3 147420
480 2 3 3 226476
485 2 3 3 162864
490 2 3 3 147132
491 2 3 3 122508
492 2 3 3 147400
493 2 3 3 126600
496 2 3 3 221728
497 2 3 3 258000
498 2 3 3 288948
499 2 3 3 228916
502 2 3 3 124488
503 2 3 3 179699
504 2 3 3 181440
507 2 3 3 114597
508 2 3 3 114103
515 2 3 3 180864
517 2 3 3 177840
518 2 3 3 108560
529 2 3 3 105728
537 2 3 3 376002
541 2 3 3 250272
543 2 3 3 348984
547 2 3 3 160632
549 2 3 3 125132
554 2 3 3 244192
555 2 3 3 252492
557 2 3 3 279594
560 2 3 3 201690
561 2 3 3 131532
565 2 3 3 369600
569 2 3 3 129744
572 2 3 3 234240
577 2 3 3 140178
579 2 3 3 154422
588 2 3 3 316744
590 2 3 3 100926
592 2 3 3 374496
593 2 3 3 253818
594 2 3 3 112344
597 2 3 3 199614
598 2 3 3 112716
600 2 3 3 263865
607 2 3 3 157635
609 2 3 3 187600
613 2 3 3 220110
614 2 3 3 112950
615 2 3 3 114204
618 2 3 3 266280
619 2 3 3 135864
623 2 3 3 104014
635 2 3 3 109687
641 2 3 3 112320
644 2 3 3 231840
645 2 3 3 379392
647 2 3 3 176400
654 2 3 3 317952
655 2 3 3 138470
664 2 3 3 134680
665 2 3 3 193900
666 2 3 3 143058
674 2 3 3 151410
677 2 3 3 120960
678 2 3 3 203940
686 2 3 3 187950
687 2 3 3 410816
688 2 3 3 272250
690 2 3 3 178269
694 2 3 3 149301
695 2 3 3 102672
696 2 3 3 115875
704 2 3 3 139314
707 2 3 3 461475
711 2 3 3 102684
715 2 3 3 283725
716 2 3 3 171112
725 2 3 3 143073
733 2 3 3 266760
737 2 3 3 105624
738 2 3 3 142968
739 2 3 3 278200
741 2 3 3 227106
743 2 3 3 132840
745 2 3 3 242039
746 2 3 3 260800
747 2 3 3 311577
749 2 3 3 153686
753 2 3 3 186381
756 2 3 3 105480
759 2 3 3 128835
760 2 3 3 306830
763 2 3 3 263898
769 2 3 3 288315
781 2 3 3 192924
788 2 3 3 138504
796 2 3 3 121233
802 2 3 3 161100
809 2 3 3 204120
810 2 3 3 141110
811 2 3 3 123806
812 2 3 3 274096
820 2 3 3 212058
826 2 3 3 234036
829 2 3 3 111397
830 2 3 3 154512
831 2 3 3 158340
836 2 3 3 155952
839 2 3 3 279930
855 2 3 3 143820
857 2 3 3 392288
865 2 3 3 179104
868 2 3 3 148835
869 2 3 3 270816
870 2 3 3 228540
873 2 3 3 159296
878 2 3 3 165600
881 2 3 3 124848
885 2 3 3 165726
889 2 3 3 129390
895 2 3 3 196248
896 2 3 3 106470
902 2 3 3 227758
905 2 3 3 120196
907 2 3 3 227856
912 2 3 3 182332
914 2 3 3 273700
916 2 3 3 312732
918 2 3 3 168520
921 2 3 3 339264
924 2 3 3 118993
926 2 3 3 134532
927 2 3 3 420640
928 2 3 3 112911
935 2 3 3 137088
939 2 3 3 114275
942 2 3 3 371631
951 2 3 3 192510
953 2 3 3 161190
959 2 3 3 196648
972 2 3 3 100500
974 2 3 3 122427
975 2 3 3 155040
977 2 3 3 142002
980 2 3 3 135864
981 2 3 3 149480
986 2 3 3 106023
995 2 3 3 104300
996 2 3 3 147150
997 2 3 3 108150
999 2 3 3 246750
1003 2 3 3 197577
1006 2 3 3 243808
1014 2 3 3 120054
1017 2 3 3 153340
1022 2 3 3 279972
1028 2 3 3 138000
1031 2 3 3 293280
1033 2 3 3 150696
1034 2 3 3 102486
1042 2 3 3 180096
1044 2 3 3 215424
1045 2 3 3 244354
1062 2 3 3 134475
1063 2 3 3 217248
1064 2 3 3 103726
1069 2 3 3 128928
1070 2 3 3 184077
1077 2 3 3 100100
1078 2 3 3 121390
1082 2 3 3 101840
1083 2 3 3 104470
1093 2 3 3 248769
1101 2 3 3 142324
1102 2 3 3 134750
1111 2 3 3 206628
1115 2 3 3 103752
1116 2 3 3 193545
1119 2 3 3 116200
1120 2 3 3 162250
1125 2 3 3 355500
1127 2 3 3 129150
1133 2 3 3 101990
1134 2 3 3 174720
1140 2 3 3 113256
1142 2 3 3 264960
1143 2 3 3 247680
1146 2 3 3 399438
1150 2 3 3 203616
1153 2 3 3 122400
1162 2 3 3 394485
1165 2 3 3 152428
1172 2 3 3 121164
1176 2 3 3 376362
1178 2 3 3 245920
1183 2 3 3 141114
1189 2 3 3 212176
1190 2 3 3 203940
1191 2 3 3 474944
1193 2 3 3 400610
1195 2 3 3 138320
1196 2 3 3 113296
1199 2 3 3 369600
1205 2 3 3 150962
1206 2 3 3 217260
1219 2 3 3 153162
1221 2 3 3 193050
1230 2 3 3 115500
1233 2 3 3 189912
1241 2 3 3 193390
1244 2 3 3 126048
1247 2 3 3 263976
1251 2 3 3 266766
1256 2 3 3 126400
1259 2 3 3 109956
1262 2 3 3 141750
1266 2 3 3 135420
1277 2 3 3 304668
1278 2 3 3 169200
1279 2 3 3 418959
1280 2 3 3 353430
1286 2 3 3 110000
1288 2 3 3 203700
1292 2 3 3 216186
1294 2 3 3 393600
1298 2 3 3 115920
1299 2 3 3 196680
1301 2 3 3 268128
1306 2 3 3 159300
1307 2 3 3 301074
1314 2 3 3 189604
1317 2 3 3 114800
1318 2 3 3 182528
1323 2 3 3 347270
1325 2 3 3 134792
1327 2 3 3 239448
1328 2 3 3 198772
1329 2 3 3 121220
1332 2 3 3 422208
1334 2 3 3 259246
1335 2 3 3 103800
1338 2 3 3 186120
1340 2 3 3 168672
1352 2 3 3 207360
1357 2 3 3 243972
1358 2 3 3 207872
1364 2 3 3 189540
1365 2 3 3 209064
1372 2 3 3 138402
1374 2 3 3 160608
1378 2 3 3 230601
1379 2 3 3 170520
1380 2 3 3 219618
1384 2 3 3 144045
1385 2 3 3 136116
1389 2 3 3 251312
1391 2 3 3 275720
1392 2 3 3 221064
1396 2 3 3 162486
1397 2 3 3 326325
1399 2 3 3 382878
1405 2 3 3 106820
1408 2 3 3 314706
1410 2 3 3 243445
1431 2 3 3 101475
1433 2 3 3 183120
1434 2 3 3 215716
1437 2 3 3 131364
1441 2 3 3 133144
1445 2 3 3 113880
1446 2 3 3 148764
1448 2 3 3 152280
1452 2 3 3 253368
1454 2 3 3 105040
1455 2 3 3 390222
1456 2 3 3 284144
1463 2 3 3 285120
1465 2 3 3 155904
1467 2 3 3 131805
1468 2 3 3 155751
1473 2 3 3 100224
1474 2 3 3 146657
1475 2 3 3 135468
1476 2 3 3 169728
1479 2 3 3 116640
1481 2 3 3 107184
1482 2 3 3 106653
1487 2 3 3 136080
1492 2 3 3 168448
1493 2 3 3 174348
1494 2 3 3 264420
1499 2 3 3 172368
1500 2 3 3 193752
1503 2 3 3 251559
1507 2 3 3 113841
1511 2 3 3 103509
1514 2 3 3 166536
1525 2 3 3 371460
1533 2 3 3 349020
1538 2 3 3 421504
1540 2 3 3 189243
1544 2 3 3 135000
1549 2 3 3 131040
1555 2 3 3 171028
1560 2 3 3 159192
1564 2 3 3 193404
1572 2 3 3 122094
1574 2 3 3 309120
1576 2 3 3 100492
1577 2 3 3 166579
1580 2 3 3 239481
1581 2 3 3 268392
1582 2 3 3 105669
1587 2 3 3 299943
1591 2 3 3 343244
1592 2 3 3 325680
1594 2 3 3 257108
1596 2 3 3 178190
1609 2 3 3 131614
1617 2 3 3 159324
1620 2 3 3 266400
1622 2 3 3 148260
1632 2 3 3 172848
1648 2 3 3 288638
1653 2 3 3 154644
1655 2 3 3 182976
1659 2 3 3 236600
1672 2 3 3 166336
1675 2 3 3 218544
1683 2 3 3 115500
1684 2 3 3 105600
1688 2 3 3 145152
1690 2 3 3 279300
1694 2 3 3 151980
1712 2 3 3 125475
1716 2 3 3 136680
1721 2 3 3 189792
1725 2 3 3 123246
1729 2 3 3 171497
1734 2 3 3 135420
1737 2 3 3 213360
1740 2 3 3 245322
1741 2 3 3 125984
1742 2 3 3 146856
1743 2 3 3 129024
1745 2 3 3 160800
1751 2 3 3 337440
1752 2 3 3 168216
1759 2 3 3 279000
1770 2 3 3 257076
1771 2 3 3 143280
1776 2 3 3 292740
1778 2 3 3 106920
1781 2 3 3 203616
1784 2 3 3 186584
1787 2 3 3 140505
1789 2 3 3 171696
1793 2 3 3 114480
1794 2 3 3 317925
1796 2 3 3 100352
1800 2 3 3 311580
1801 2 3 3 151632
1805 2 3 3 233188
1810 2 3 3 146010
1815 2 3 3 113784
1818 2 3 3 117000
1827 2 3 3 203148
1829 2 3 3 119544
1833 2 3 3 409860
1835 2 3 3 183977
1836 2 3 3 153695
1840 2 3 3 460404
1843 2 3 3 102168
1846 2 3 3 235440
1848 2 3 3 134520
1849 2 3 3 101185
1850 2 3 3 116820
1852 2 3 3 106596
1857 2 3 3 328200
1859 2 3 3 285376
1863 2 3 3 258804
1865 2 3 3 207298
1869 2 3 3 149175
1871 2 3 3 262056
1875 2 3 3 128605
1878 2 3 3 164016
1881 2 3 3 160640
1882 2 3 3 344850
1884 2 3 3 127206
1885 2 3 3 165186
1886 2 3 3 241920
1888 2 3 3 234494
1889 2 3 3 251424
1890 2 3 3 158484
1891 2 3 3 280108
1896 2 3 3 182754
1900 2 3 3 289977
1903 2 3 3 114390
1908 2 3 3 103220
1910 2 3 3 232560
1916 2 3 3 390096
1917 2 3 3 160160
1921 2 3 3 102816
1923 2 3 3 106200
1929 2 3 3 143724
1931 2 3 3 144375
1932 2 3 3 143964
1934 2 3 3 122536
1940 2 3 3 158860
1943 2 3 3 185472
1944 2 3 3 100956
1945 2 3 3 403656
1959 2 3 3 159728
1966 2 3 3 231480
1967 2 3 3 117410
1971 2 3 3 165272
1979 2 3 3 139468
1984 2 3 3 107590
1986 2 3 3 126024
1989 2 3 3 358494
1990 2 3 3 229392
1991 2 3 3 158327
1997 2 3 3 194560
1998 2 3 3 256455
2004 2 3 3 181800
2005 2 3 3 183546
2010 2 3 3 131544
2020 2 3 3 224329
2023 2 3 3 163344
2025 2 3 3 311508
2028 2 3 3 126000
2036 2 3 3 249280
2041 2 3 3 161028
2042 2 3 3 144180
2049 2 3 3 401436
2051 2 3 3 108192
2056 2 3 3 134352
2068 2 3 3 191520
2071 2 3 3 151044
2075 2 3 3 147630
2077 2 3 3 153718
2078 2 3 3 324171
2083 2 3 3 188300
2085 2 3 3 194166
2087 2 3 3 125826
2088 2 3 3 232356
2089 2 3 3 122940
2090 2 3 3 351436
2099 2 3 3 261972
2100 2 3 3 197560
2103 2 3 3 145728
2104 2 3 3 165243
2109 2 3 3 165792
2110 2 3 3 154980
2112 2 3 3 294792
2116 2 3 3 111930
2123 2 3 3 120324
2129 2 3 3 165312
2130 2 3 3 236520
2134 2 3 3 314960
2140 2 3 3 261744
2142 2 3 3 111744
2144 2 3 3 105042
2147 2 3 3 206955
2149 2 3 3 161912
2151 2 3 3 274912
2156 2 3 3 192699
2161 2 3 3 106088
2162 2 3 3 153162
2169 2 3 3 145152
2175 2 3 3 176607
2178 2 3 3 148234
2187 2 3 3 393738
2191 2 3 3 177012
2192 2 3 3 218300
2196 2 3 3 109746
2200 2 3 3 278880
2201 2 3 3 184785
2203 2 3 3 239334
2212 2 3 3 120555
2223 2 3 3 184096
2225 2 3 3 306856
2234 2 3 3 190254
2236 2 3 3 185976
2237 2 3 3 116259
2246 2 3 3 141930
2251 2 3 3 217002
2253 2 3 3 234696
2258 2 3 3 113184
2260 2 3 3 181162
2264 2 3 3 385920
2267 2 3 3 295987
2268 2 3 3 158364
2269 2 3 3 105754
2270 2 3 3 129060
2278 2 3 3 134652
2281 2 3 3 117038
2284 2 3 3 122892
2288 2 3 3 181076
2290 2 3 3 256680
2291 2 3 3 117852
2292 2 3 3 125292
2295 2 3 3 132096
2297 2 3 3 107163
2300 2 3 3 151200
2304 2 3 3 134160
2305 2 3 3 261630
2306 2 3 3 288600
2309 2 3 3 128832
2310 2 3 3 417410
2333 2 3 3 165528
2334 2 3 3 116432
2342 2 3 3 341296
2352 2 3 3 192266
2353 2 3 3 156384
2362 2 3 3 125818
2368 2 3 3 130738
2371 2 3 3 131456
2372 2 3 3 134285
2387 2 3 3 184500
2388 2 3 3 186300
2390 2 3 3 102920
2392 2 3 3 168960
2393 2 3 3 106232
2400 2 3 3 115938
2405 2 3 3 102000
2408 2 3 3 484704
2409 2 3 3 175200
2413 2 3 3 152790
2415 2 3 3 211312
2416 2 3 3 322524
2418 2 3 3 249744
2420 2 3 3 125664
2424 2 3 3 150368
2426 2 3 3 431040
2429 2 3 3 345948
2432 2 3 3 150240
2442 2 3 3 101851
2443 2 3 3 102609
2449 2 3 3 199168
2454 2 3 3 116154
2462 2 3 3 136152
2463 2 3 3 106656
2464 2 3 3 107486
2467 2 3 3 436590
2469 2 3 3 130585
2470 2 3 3 184800
2473 2 3 3 149568
2476 2 3 3 143136
2481 2 3 3 120582
2499 2 3 3 240642
2504 2 3 3 123670
2514 2 3 3 313048
2515 2 3 3 141450
2527 2 3 3 132348
2529 2 3 3 104991
2532 2 3 3 131760
2540 2 3 3 106920
2542 2 3 3 101520
2544 2 3 3 169242
2545 2 3 3 114912
2547 2 3 3 107136
2550 2 3 3 101814
2552 2 3 3 492420
2561 2 3 3 130152
2566 2 3 3 138880
2582 2 3 3 265740
2584 2 3 3 225893
2588 2 3 3 117392
2589 2 3 3 114336
2590 2 3 3 138276
2596 2 3 3 214890
2599 2 3 3 145288
2601 2 3 3 127500
2603 2 3 3 181424
2605 2 3 3 219185
2607 2 3 3 159936
2608 2 3 3 210188
2609 2 3 3 138516
2612 2 3 3 110160
2614 2 3 3 171600
2615 2 3 3 171600
2617 2 3 3 172040
2620 2 3 3 178350
2622 2 3 3 161856
2624 2 3 3 499950
2629 2 3 3 258264
2630 2 3 3 387696
2634 2 3 3 120582
2639 2 3 3 241500
2641 2 3 3 293018
2644 2 3 3 180873
2658 2 3 3 108432
2659 2 3 3 132480
2660 2 3 3 227200
2667 2 3 3 126558
2671 2 3 3 133824
2677 2 3 3 148071
2678 2 3 3 135600
2680 2 3 3 267330
2682 2 3 3 155232
2685 2 3 3 159616
2687 2 3 3 118440
2688 2 3 3 131610
2689 2 3 3 211900
2692 2 3 3 177742
2694 2 3 3 154690
2695 2 3 3 262260
2696 2 3 3 147343
2706 2 3 3 215784
2712 2 3 3 327484
2713 2 3 3 129952
2714 2 3 3 118428
2716 2 3 3 181920
2717 2 3 3 348000
2729 2 3 3 118992
2733 2 3 3 105315
2734 2 3 3 204052
2735 2 3 3 297675
2736 2 3 3 158746
2737 2 3 3 301440
2743 2 3 3 158844
2750 2 3 3 274176
2751 2 3 3 131200
2752 2 3 3 230175
2753 2 3 3 217455
2757 2 3 3 143634
2758 2 3 3 141757
2761 2 3 3 133825
2763 2 3 3 447272
2772 2 3 3 158000
2775 2 3 3 121404
2776 2 3 3 159750
2784 2 3 3 125904
2789 2 3 3 199746
2792 2 3 3 328104
2799 2 3 3 111156
2805 2 3 3 230928
2807 2 3 3 221088
2810 2 3 3 177000
2811 2 3 3 140270
2816 2 3 3 129762
2827 2 3 3 132678
2828 2 3 3 160623
2836 2 3 3 266682
2844 2 3 3 150360
2845 2 3 3 303232
2852 2 3 3 146083
2856 2 3 3 107352
2864 2 3 3 124490
2865 2 3 3 106582
2891 2 3 3 305487
2892 2 3 3 231952
2900 2 3 3 235107
2909 2 3 3 214173
2911 2 3 3 333324
2914 2 3 3 253914
2916 2 3 3 297932
2956 2 3 3 231954
2959 2 3 3 305900
2969 2 3 3 221439
2972 2 3 3 335940
2976 2 3 3 286750
2979 2 3 3 266168
2982 2 3 3 213300
2985 2 3 3 368632
2989 2 3 3 291280
3004 2 3 3 216960
3016 2 3 3 244188
3039 2 3 3 265100
3043 2 3 3 205410
3049 2 3 3 328446
3058 2 3 3 318087
3059 2 3 3 262280
3072 2 3 3 279174
3082 2 3 3 416232
3084 2 3 3 315003
3091 2 3 3 283152
3094 2 3 3 254259
3095 2 3 3 247968
3096 2 3 3 346032
3099 2 3 3 211596
3111 2 3 3 330480
3113 2 3 3 224802
3114 2 3 3 272128
3124 2 3 3 215212
3125 2 3 3 454860
3130 2 3 3 266664
3134 2 3 3 327877
3150 2 3 3 231449
3158 2 3 3 379848
3165 2 3 3 270993
3211 2 3 3 258108
3213 2 3 3 252225
3215 2 3 3 386880
3218 2 3 3 449568
3255 2 3 3 216480
3261 2 3 3 427648
3276 2 3 3 216384
3278 2 3 3 424116
3279 2 3 3 238572
3285 2 3 3 217956
3289 2 3 3 228726
3310 2 3 3 440202
3326 2 3 3 219885
3330 2 3 3 249672
3364 2 3 3 401760
3365 2 3 3 214749
3368 2 3 3 333591
3371 2 3 3 374715
3372 2 3 3 213605
3380 2 3 3 370260
3382 2 3 3 260226
3384 2 3 3 316316
3392 2 3 3 259250
3401 2 3 3 250920
3409 2 3 3 286800
3412 2 3 3 387030
3416 2 3 3 235960
3418 2 3 3 202050
3419 2 3 3 206721
3423 2 3 3 203082
3425 2 3 3 247446
3428 2 3 3 434826
3440 2 3 3 248724
3443 2 3 3 295920
3451 2 3 3 461565
3464 2 3 3 232232
3465 2 3 3 285420
3467 2 3 3 345625
3468 2 3 3 426720
3479 2 3 3 207360
3497 2 3 3 347988
3504 2 3 3 315252
3506 2 3 3 376290
3512 2 3 3 220320
3519 2 3 3 310958
3542 2 3 3 338548
3548 2 3 3 254760
3550 2 3 3 200717
3551 2 3 3 334590
3557 2 3 3 383775
3578 2 3 3 301038
3583 2 3 3 284700
3599 2 3 3 236280
3604 2 3 3 240000
3617 2 3 3 212706
3626 2 3 3 362880
3630 2 3 3 378000
3636 2 3 3 221862
3641 2 3 3 224460
3651 2 3 3 323190
3661 2 3 3 381140
3680 2 3 3 236840
3706 2 3 3 242606
3734 2 3 3 203619
3741 2 3 3 457071
3752 2 3 3 306360
3760 2 3 3 481185
3777 2 3 3 217752
3784 2 3 3 281232
3790 2 3 3 347553
3791 2 3 3 233856
3795 2 3 3 440455
3797 2 3 3 258336
3803 2 3 3 248319
3806 2 3 3 201390
3820 2 3 3 204120
3830 2 3 3 248085
3834 2 3 3 317520
3835 2 3 3 239370
3856 2 3 3 323474
3868 2 3 3 204714
3871 2 3 3 213144
3878 2 3 3 214272
3882 2 3 3 260775
3885 2 3 3 231135
3888 2 3 3 413067
3893 2 3 3 271800
3905 2 3 3 345873
3907 2 3 3 267306
3917 2 3 3 221616
3952 2 3 3 244296
3956 2 3 3 202740
3963 2 3 3 334815
3967 2 3 3 279684
3972 2 3 3 208336
3979 2 3 3 227264
3981 2 3 3 401980
3983 2 3 3 203700
3984 2 3 3 374544
3998 2 3 3 309225
4003 2 3 3 266166
4014 2 3 3 239760
4020 2 3 3 249856
4022 2 3 3 346752
4035 2 3 3 223440
4036 2 3 3 300235
4043 2 3 3 355482
4057 2 3 3 240064
4058 2 3 3 201296
4063 2 3 3 250660
4065 2 3 3 480392
4076 2 3 3 313290
4083 2 3 3 209001
4110 2 3 3 395622
4125 2 3 3 217840
4133 2 3 3 283189
4138 2 3 3 252252
4142 2 3 3 224808
4156 2 3 3 284599
4163 2 3 3 358560
4165 2 3 3 357896
4185 2 3 3 242972
4198 2 3 3 236844
4217 2 3 3 286000
4229 2 3 3 210192
4230 2 3 3 236558
4237 2 3 3 335790
4267 2 3 3 299880
4275 2 3 3 333940
4281 2 3 3 486720
4284 2 3 3 209880
4298 2 3 3 322920
4299 2 3 3 227268
4303 2 3 3 356748
4309 2 3 3 202860
4318 2 3 3 238698
4333 2 3 3 245916
4340 2 3 3 216648
4393 2 3 3 458944
4394 2 3 3 223184
4405 2 3 3 274788
4412 2 3 3 236360
4417 2 3 3 281274
4445 2 3 3 405384
4456 2 3 3 294168
4459 2 3 3 227768
4478 2 3 3 277106
4481 2 3 3 395776
4507 2 3 3 244647
4509 2 3 3 209056
4514 2 3 3 257754
4520 2 3 3 311199
4556 2 3 3 255360
4560 2 3 3 388648
4563 2 3 3 233376
4579 2 3 3 217710
4588 2 3 3 255430
4594 2 3 3 301725
4599 2 3 3 268515
4602 2 3 3 250100
4603 2 3 3 228072
4639 2 3 3 277290
4643 2 3 3 211515
4654 2 3 3 214687
4666 2 3 3 274560
4684 2 3 3 220298
4688 2 3 3 218790
4709 2 3 3 249999
4711 2 3 3 476593
4734 2 3 3 211848
4754 2 3 3 321024
4756 2 3 3 365490
4757 2 3 3 261072
4781 2 3 3 257642
4793 2 3 3 223989
4798 2 3 3 219868
4802 2 3 3 392472
4810 2 3 3 267300
4830 2 3 3 255672
4834 2 3 3 205328
4848 2 3 3 272796
4852 2 3 3 291264
4854 2 3 3 376540
4859 2 3 3 263250
4879 2 3 3 314928
4912 2 3 3 246168
4917 2 3 3 220740
4930 2 3 3 301541
4933 2 3 3 235986
4950 2 3 3 228420
4962 2 3 3 497664
4975 2 3 3 274320
4981 2 3 3 243390
4992 2 3 3 260084
5004 2 3 3 221325
5007 2 3 3 216840
5020 2 3 3 202752
5073 2 3 3 277864
5075 2 3 3 390258
5082 2 3 3 398266
5085 2 3 3 248832
5087 2 3 3 247665
5089 2 3 3 228150
5115 2 3 3 316216
5118 2 3 3 391248
5120 2 3 3 395604
5127 2 3 3 248640
5151 2 3 3 229372
5169 2 3 3 243040
5229 2 3 3 256800
5234 2 3 3 282986
5244 2 3 3 306816
5250 2 3 3 261630
5252 2 3 3 202044
5256 2 3 3 342798
5294 2 3 3 224580
5297 2 3 3 263088
5303 2 3 3 274560
5321 2 3 3 363408
5325 2 3 3 315228
5336 2 3 3 219700
5337 2 3 3 263952
5340 2 3 3 314944
5343 2 3 3 274092
5349 2 3 3 298158
5368 2 3 3 295320
5370 2 3 3 383984
5372 2 3 3 404796
5376 2 3 3 316800
5415 2 3 3 235752
5424 2 3 3 349624
5453 2 3 3 262350
5454 2 3 3 304056
5468 2 3 3 490936
5474 2 3 3 208400
5488 2 3 3 218620
5512 2 3 3 208692
5514 2 3 3 237200
5515 2 3 3 344284
5528 2 3 3 213044
5539 2 3 3 226884
5544 2 3 3 276930
5551 2 3 3 205588
5554 2 3 3 215688
5556 2 3 3 376461
5559 2 3 3 259168
5570 2 3 3 256620
5587 2 3 3 288540
5588 2 3 3 212710
5610 2 3 3 215100
5625 2 3 3 278478
5637 2 3 3 330750
5663 2 3 3 288408
5665 2 3 3 244435
5666 2 3 3 489762
5671 2 3 3 213012
5675 2 3 3 235400
5702 2 3 3 238728
5714 2 3 3 220500
5729 2 3 3 399672
5732 2 3 3 204984
5744 2 3 3 209070
5758 2 3 3 212100
5759 2 3 3 303044
5762 2 3 3 203742
5794 2 3 3 216433
5801 2 3 3 250698
5802 2 3 3 216216
5819 2 3 3 218304
5849 2 3 3 278784
5851 2 3 3 216678
5856 2 3 3 256828
5866 2 3 3 362043
5875 2 3 3 351372
5897 2 3 3 213594
5910 2 3 3 260620
5916 2 3 3 312732
5946 2 3 3 367416
5959 2 3 3 303646
5960 2 3 3 297036
5965 2 3 3 267099
5966 2 3 3 412224
5973 2 3 3 325470
5980 2 3 3 307224
5985 2 3 3 284355
5987 2 3 3 218766
5990 2 3 3 293200
5993 2 3 3 223965
6001 2 3 3 285471
6010 2 3 3 213227
6060 2 3 3 337896
6061 2 3 3 324890
6078 2 3 3 213309
6086 2 3 3 216384
6096 2 3 3 344646
6097 2 3 3 242760
6100 2 3 3 217140
6102 2 3 3 219492
6103 2 3 3 425736
6110 2 3 3 201798
6152 2 3 3 272994
6153 2 3 3 290472
6171 2 3 3 231000
6183 2 3 3 212300
6188 2 3 3 353298
6190 2 3 3 297375
6197 2 3 3 238134
6217 2 3 3 328944
6220 2 3 3 224010
6226 2 3 3 267604
6245 2 3 3 213720
6251 2 3 3 223245
6262 2 3 3 403200
6268 2 3 3 301300
6273 2 3 3 246492
6274 2 3 3 471942
6277 2 3 3 273408
6278 2 3 3 231600
6279 2 3 3 321678
6280 2 3 3 285138
6284 2 3 3 223136
6298 2 3 3 232218
6299 2 3 3 233132
6307 2 3 3 232848
6336 2 3 3 444768
6355 2 3 3 234416
6360 2 3 3 246240
6361 2 3 3 365160
6363 2 3 3 259524
6378 2 3 3 408240
6379 2 3 3 212706
6396 2 3 3 304368
6406 2 3 3 260634
6448 2 3 3 262545
6457 2 3 3 203412
6466 2 3 3 228578
6467 2 3 3 308616
6484 2 3 3 350427
6490 2 3 3 427782
6491 2 3 3 272955
6499 2 3 3 329280
6514 2 3 3 242055
6521 2 3 3 259590
6536 2 3 3 303744
6544 2 3 3 334848
6562 2 3 3 377454
6573 2 3 3 271080
6576 2 3 3 215350
6584 2 3 3 228933
6618 2 3 3 397743
6623 2 3 3 327888
6626 2 3 3 312488
6639 2 3 3 330577
6659 2 3 3 255558
6665 2 3 3 281604
6667 2 3 3 240036
6675 2 3 3 254100
6687 2 3 3 475104
6711 2 3 3 289328
6727 2 3 3 216832
6739 2 3 3 285606
6751 2 3 3 261440
6759 2 3 3 227205
6760 2 3 3 231054
6787 2 3 3 274428
6795 2 3 3 286308
6800 2 3 3 244944
6804 2 3 3 439824
6816 2 3 3 230256
6824 2 3 3 232562
6835 2 3 3 486720
6841 2 3 3 253776
6843 2 3 3 226395
6853 2 3 3 200232
6870 2 3 3 211992
6887 2 3 3 420360
6892 2 3 3 205128
6909 2 3 3 227136
6910 2 3 3 233220
6911 2 3 3 315033
6918 2 3 3 201696
6933 2 3 3 330416
6950 2 3 3 201900
6964 2 3 3 221076
6965 2 3 3 205238
6967 2 3 3 245760
6994 2 3 3 283008
7011 2 3 3 212544
7016 2 3 3 214281
7036 2 3 3 277722
7041 2 3 3 226800
7043 2 3 3 286512
7059 2 3 3 224700
7061 2 3 3 204000
7063 2 3 3 259461
7074 2 3 3 209715
7093 2 3 3 276969
7105 2 3 3 454812
7110 2 3 3 270732
7130 2 3 3 204820
7145 2 3 3 209408
7146 2 3 3 211600
7149 2 3 3 206500
7163 2 3 3 218325
7171 2 3 3 240108
7173 2 3 3 339404
7179 2 3 3 226976
7191 2 3 3 368424
7195 2 3 3 366282
7196 2 3 3 252720
7202 2 3 3 245700
7243 2 3 3 444264
7251 2 3 3 315120
7260 2 3 3 256032
7269 2 3 3 218115
7284 2 3 3 381780
7294 2 3 3 207360
7297 2 3 3 306432
7305 2 3 3 223060
7307 2 3 3 229160
7309 2 3 3 289688
7315 2 3 3 249942
7335 2 3 3 258336
7350 2 3 3 278168
7358 2 3 3 333432
7364 2 3 3 323736
7380 2 3 3 204782
7381 2 3 3 304956
7390 2 3 3 311182
7392 2 3 3 318976
7399 2 3 3 362516
7404 2 3 3 202584
7417 2 3 3 209841
7440 2 3 3 362040
7442 2 3 3 313632
7451 2 3 3 240408
7460 2 3 3 220608
7477 2 3 3 239020
7479 2 3 3 335792
7501 2 3 3 316416
7548 2 3 3 395808
7646 2 3 3 462800
7670 2 3 3 302148
7693 2 3 3 376336
7749 2 3 3 373120
7763 2 3 3 372526
7833 2 3 3 465426
7839 2 3 3 479829
7842 2 3 3 491832
7904 2 3 3 424428
7906 2 3 3 340080
7908 2 3 3 315700
7910 2 3 3 341502
7935 2 3 3 319616
7946 2 3 3 303912
7974 2 3 3 487458
8075 2 3 3 312180
8092 2 3 3 368550
8161 2 3 3 380304
8178 2 3 3 408240
8315 2 3 3 383778
8377 2 3 3 401632
8421 2 3 3 409725
8422 2 3 3 317889
8432 2 3 3 312744
8470 2 3 3 409370
8513 2 3 3 396756
8584 2 3 3 349650
8588 2 3 3 364869
8607 2 3 3 316512
8608 2 3 3 304263
8629 2 3 3 389664
8646 2 3 3 317015
8647 2 3 3 428400
8672 2 3 3 469580
8735 2 3 3 325080
8764 2 3 3 384075
8765 2 3 3 334332
8786 2 3 3 355572
8787 2 3 3 400314
8947 2 3 3 315792
8956 2 3 3 428544
8977 2 3 3 302706
8982 2 3 3 427868
8984 2 3 3 321470
9013 2 3 3 459816
9064 2 3 3 424860
9075 2 3 3 402906
9147 2 3 3 339768
9150 2 3 3 312079
9179 2 3 3 307260
9242 2 3 3 343719
9255 2 3 3 314001
9259 2 3 3 493028
9263 2 3 3 482112
9270 2 3 3 361696
9271 2 3 3 402050
9351 2 3 3 334656
9376 2 3 3 365490
9597 2 3 3 415350
9609 2 3 3 315810
9631 2 3 3 370260
9650 2 3 3 412184
9693 2 3 3 364518
9697 2 3 3 367873
9700 2 3 3 351036
9771 2 3 3 432120
9793 2 3 3 390108
9809 2 3 3 317724
9846 2 3 3 327304
9864 2 3 3 397082
9882 2 3 3 317812
9898 2 3 3 304624
9907 2 3 3 379323
9913 2 3 3 331500
9997 2 3 3 495838
10061 2 3 3 476280
10083 2 3 3 389844
10088 2 3 3 427671
10105 2 3 3 309734
10119 2 3 3 320508
10123 2 3 3 375870
10200 2 3 3 440112
10271 2 3 3 395136
10309 2 3 3 377690
10367 2 3 3 391608
10447 2 3 3 314364
10533 2 3 3 319362
10571 2 3 3 303408
10624 2 3 3 303873
10647 2 3 3 326340
10698 2 3 3 440858
10699 2 3 3 368632
10702 2 3 3 351648
10802 2 3 3 466101
10842 2 3 3 385320
10881 2 3 3 310464
10885 2 3 3 461160
10911 2 3 3 338100
10925 2 3 3 408918
10932 2 3 3 355365
10941 2 3 3 355914
11096 2 3 3 301077
11097 2 3 3 327420
11164 2 3 3 409248
11181 2 3 3 382875
11204 2 3 3 417897
11205 2 3 3 371840
11259 2 3 3 377420
11274 2 3 3 388773
11311 2 3 3 349965
11351 2 3 3 322596
11374 2 3 3 338400
11383 2 3 3 436872
11434 2 3 3 491385
11554 2 3 3 312784
11567 2 3 3 460460
11586 2 3 3 407696
11595 2 3 3 339768
11661 2 3 3 329380
11662 2 3 3 395280
11722 2 3 3 342069
11725 2 3 3 381250
11751 2 3 3 460530
11784 2 3 3 440076
11819 2 3 3 342504
11837 2 3 3 487200
11839 2 3 3 341136
11851 2 3 3 381500
11864 2 3 3 398088
11875 2 3 3 332940
11891 2 3 3 338580
11924 2 3 3 442288
12011 2 3 3 336776
12021 2 3 3 349838
12030 2 3 3 413007
12035 2 3 3 337823
12075 2 3 3 310800
12078 2 3 3 372231
12083 2 3 3 360972
12113 2 3 3 392265
12125 2 3 3 304383
12146 2 3 3 370563
12251 2 3 3 391476
12287 2 3 3 377844
12344 2 3 3 320112
12389 2 3 3 314397
12397 2 3 3 315414
12405 2 3 3 385056
12443 2 3 3 404208
12547 2 3 3 304243
12659 2 3 3 336750
12710 2 3 3 365750
12721 2 3 3 476280
12725 2 3 3 307524
12740 2 3 3 383079
12741 2 3 3 382520
12761 2 3 3 309000
12769 2 3 3 462956
12801 2 3 3 408216
12802 2 3 3 434079
12811 2 3 3 371508
12903 2 3 3 363834
12909 2 3 3 356178
13019 2 3 3 340848
13052 2 3 3 376565
13115 2 3 3 318864
13117 2 3 3 334488
13133 2 3 3 480792
13151 2 3 3 336420
13226 2 3 3 444180
13235 2 3 3 384750
13322 2 3 3 431046
13529 2 3 3 394581
13559 2 3 3 331397
13586 2 3 3 324576
13591 2 3 3 341496
13685 2 3 3 408072
13710 2 3 3 313956
13714 2 3 3 378028
13727 2 3 3 301036
13739 2 3 3 385056
13749 2 3 3 331272
13768 2 3 3 357225
13773 2 3 3 301158
13779 2 3 3 445060
13832 2 3 3 383940
13903 2 3 3 366450
13905 2 3 3 325374
13914 2 3 3 341250
13955 2 3 3 320040
13960 2 3 3 354200
13991 2 3 3 378189
14006 2 3 3 333312
14083 2 3 3 368676
14157 2 3 3 386716
14172 2 3 3 355136
14225 2 3 3 445440
14235 2 3 3 308652
14248 2 3 3 404005
14265 2 3 3 344832
14300 2 3 3 355200
14311 2 3 3 362880
14345 2 3 3 307800
14368 2 3 3 331275
14400 2 3 3 302940
14494 2 3 3 319032
14559 2 3 3 496496
14573 2 3 3 300564
14639 2 3 3 344862
14676 2 3 3 302058
14691 2 3 3 354960
14711 2 3 3 465560
14716 2 3 3 304964
14779 2 3 3 308400
14792 2 3 3 372240
14795 2 3 3 317226
14846 2 3 3 342720
14850 2 3 3 353626
14881 2 3 3 312048
14960 2 3 3 309111
14974 2 3 3 353400
15000 2 3 3 342630
15029 2 3 3 373184
15033 2 3 3 476134
15069 2 3 3 365310
15071 2 3 3 324062
15105 2 3 3 307146
15175 2 3 3 367286
15178 2 3 3 354835
15184 2 3 3 376707
15190 2 3 3 485970
15213 2 3 3 305550
15225 2 3 3 480483
15340 2 3 3 319712
15385 2 3 3 426756
15419 2 3 3 413721
15468 2 3 3 325206
15476 2 3 3 359058
15507 2 3 3 312741
15513 2 3 3 326592
15536 2 3 3 420876
15599 2 3 3 418564
15636 2 3 3 449872
15698 2 3 3 312000
15734 2 3 3 353780
15824 2 3 3 339822
15872 2 3 3 413960
15899 2 3 3 304375
15917 2 3 3 422275
15999 2 3 3 477120
16003 2 3 3 331080
16008 2 3 3 318708
16041 2 3 3 339388
16050 2 3 3 321678
16061 2 3 3 370600
16062 2 3 3 324210
16076 2 3 3 369352
16086 2 3 3 398152
16177 2 3 3 417789
16200 2 3 3 304862
16229 2 3 3 361296
16231 2 3 3 344352
16249 2 3 3 474045
16251 2 3 3 348102
16263 2 3 3 342056
16278 2 3 3 301784
16332 2 3 3 404376
16386 2 3 3 428400
16425 2 3 3 392000
16442 2 3 3 372732
16452 2 3 3 321663
16484 2 3 3 425730
16490 2 3 3 309366
16492 2 3 3 317460
16517 2 3 3 432345
16520 2 3 3 479667
16522 2 3 3 322200
16603 2 3 3 405223
16643 2 3 3 313470
16704 2 3 3 300780
16870 2 3 3 345312
16891 2 3 3 315218
16905 2 3 3 319644
16976 2 3 3 400608
17013 2 3 3 315792
17051 2 3 3 421308
17108 2 3 3 324792
17150 2 3 3 352219
17173 2 3 3 404328
17187 2 3 3 402852
17192 2 3 3 375360
17202 2 3 3 349272
17218 2 3 3 335764
17266 2 3 3 396144
17274 2 3 3 334752
17283 2 3 3 404352
17334 2 3 3 385920
17340 2 3 3 360927
17381 2 3 3 337176
17449 2 3 3 346896
17464 2 3 3 358664
17525 2 3 3 330208
17560 2 3 3 336428
17576 2 3 3 313236
17658 2 3 3 429308
17723 2 3 3 389025
17733 2 3 3 351882
17739 2 3 3 301203
17789 2 3 3 376752
17793 2 3 3 352191
17832 2 3 3 304200
17836 2 3 3 444664
17842 2 3 3 423434
17892 2 3 3 341784
17895 2 3 3 344424
17909 2 3 3 334880
17916 2 3 3 386820
17972 2 3 3 335724
17984 2 3 3 395415
18007 2 3 3 382956
18022 2 3 3 340092
18039 2 3 3 476928
18071 2 3 3 462882
18072 2 3 3 343200
18122 2 3 3 387648
18127 2 3 3 312480
18139 2 3 3 493488
18175 2 3 3 347200
18217 2 3 3 332800
18231 2 3 3 324801
18293 2 3 3 417632
18314 2 3 3 311928
18330 2 3 3 332880
18363 2 3 3 366124
18376 2 3 3 403392
18383 2 3 3 353535
18419 2 3 3 318494
18550 2 3 3 450225
18560 2 3 3 368250
18563 2 3 3 457470
18583 2 3 3 411588
18589 2 3 3 333660
18638 2 3 3 318780
18722 2 3 3 346983
18750 2 3 3 376320
18767 2 3 3 497376
18952 2 3 3 334560
18960 2 3 3 394128
18962 2 3 3 319455
18990 2 3 3 306180
19068 2 3 3 434042
19083 2 3 3 456456
19091 2 3 3 316344
19099 2 3 3 330050
19111 2 3 3 349574
19330 2 3 3 372640
19335 2 3 3 332514
19364 2 3 3 372762
19421 2 3 3 365040
19427 2 3 3 406098
19457 2 3 3 347616
19516 2 3 3 435092
19565 2 3 3 304042
19603 2 3 3 323232
19605 2 3 3 337322
19645 2 3 3 300960
19658 2 3 3 314244
19664 2 3 3 363216
19696 2 3 3 351652
19728 2 3 3 398351
19740 2 3 3 447282
19769 2 3 3 332787
19826 2 3 3 417360
19833 2 3 3 443898
19956 2 3 3 314685
19978 2 3 3 338664
20005 2 3 3 316485
20012 2 3 3 314940
20013 2 3 3 410220
20062 2 3 3 359744
20083 2 3 3 332760
20096 2 3 3 391248
20165 2 3 3 326474
20207 2 3 3 390915
20261 2 3 3 335954
20325 2 3 3 352758
20331 2 3 3 478404
20396 2 3 3 383750
20410 2 3 3 312273
20460 2 3 3 354375
20470 2 3 3 372654
20492 2 3 3 389784
20565 2 3 3 344925
20567 2 3 3 359600
20592 2 3 3 359062
20611 2 3 3 463584
20637 2 3 3 301275
20703 2 3 3 388136
20707 2 3 3 358956
20712 2 3 3 301041
20714 2 3 3 381150
20794 2 3 3 303750
20852 2 3 3 448560
20898 2 3 3 305550
20958 2 3 3 336490
20982 2 3 3 346456
20987 2 3 3 451950
21055 2 3 3 315882
21057 2 3 3 457938
21076 2 3 3 319866
21102 2 3 3 308484
21107 2 3 3 471744
21129 2 3 3 335916
21137 2 3 3 384504
21234 2 3 3 457056
21337 2 3 3 499950
21549 2 3 3 497664
21560 2 3 3 414252
21702 2 3 3 426216
21772 2 3 3 457272
21812 2 3 3 451023
21857 2 3 3 406492
21969 2 3 3 465120
22018 2 3 3 481140
22249 2 3 3 418653
22423 2 3 3 471001
22478 2 3 3 490670
22619 2 3 3 402194
22673 2 3 3 434588
22787 2 3 3 455400
22793 2 3 3 400698
22966 2 3 3 443961
23088 2 3 3 417100
23129 2 3 3 401781
23243 2 3 3 419679
23252 2 3 3 403308
23324 2 3 3 466288
23339 2 3 3 421070
23495 2 3 3 416640
23821 2 3 3 461700
23884 2 3 3 476928
23954 2 3 3 406500
24154 2 3 3 423870
24378 2 3 3 499950
24394 2 3 3 435666
24531 2 3 3 421152
24647 2 3 3 412832
25009 2 3 3 470592
25180 2 3 3 456237
25216 2 3 3 415800
25312 2 3 3 443300
25375 2 3 3 456456
25515 2 3 3 431208
25563 2 3 3 464416
25574 2 3 3 411810
25821 2 3 3 400400
26218 2 3 3 413766
26287 2 3 3 450162
26360 2 3 3 404115
26835 2 3 3 460902
26937 2 3 3 448462
27088 2 3 3 406756
27121 2 3 3 446970
27329 2 3 3 479550
27405 2 3 3 490824
27550 2 3 3 466378
27659 2 3 3 459186
28165 2 3 3 454896
28186 2 3 3 466560
28235 2 3 3 406146
28401 2 3 3 402237
28503 2 3 3 433136
28537 2 3 3 406210
28637 2 3 3 414120
28718 2 3 3 466860
28872 2 3 3 442380
28889 2 3 3 429516
29330 2 3 3 400040
29410 2 3 3 434910
29430 2 3 3 440640
29463 2 3 3 474012
29483 2 3 3 443300
29605 2 3 3 402050
29730 2 3 3 479880
29875 2 3 3 412286
30303 2 3 3 498771
30673 2 3 3 418897
30847 2 3 3 409344
30985 2 3 3 475782
31133 2 3 3 419475
31432 2 3 3 455040
31717 2 3 3 403560
31791 2 3 3 429324
31897 2 3 3 445332
31998 2 3 3 475272
32064 2 3 3 416900
32457 2 3 3 433359
32578 2 3 3 466950
32621 2 3 3 410670
32668 2 3 3 481404
32740 2 3 3 417240
32794 2 3 3 402192
32987 2 3 3 449865
33184 2 3 3 498240
33306 2 3 3 461205
33615 2 3 3 408549
33718 2 3 3 427570
33731 2 3 3 464211
33796 2 3 3 436954
33967 2 3 3 427056
34025 2 3 3 412852
34193 2 3 3 404876
34372 2 3 3 406080
34432 2 3 3 422688
34532 2 3 3 454812
34539 2 3 3 400725
34994 2 3 3 454005
35167 2 3 3 406560
35211 2 3 3 428505
35284 2 3 3 409062
35372 2 3 3 404118
35450 2 3 3 457380
35515 2 3 3 412800
35648 2 3 3 470940
35653 2 3 3 434985
35813 2 3 3 400176
35862 2 3 3 407160
36000 2 3 3 491608
36058 2 3 3 452628
36417 2 3 3 413250
36445 2 3 3 444312
36557 2 3 3 417900
36687 2 3 3 408342
37023 2 3 3 426564
37038 2 3 3 414279
37210 2 3 3 440370
37383 2 3 3 457104
37433 2 3 3 481425
37594 2 3 3 401316
37688 2 3 3 448875
37830 2 3 3 402144
37990 2 3 3 426408
38053 2 3 3 467997
38208 2 3 3 415800
38396 2 3 3 400512
38468 2 3 3 480816
38479 2 3 3 423144
38485 2 3 3 410332
38612 2 3 3 430122
38656 2 3 3 448800
38668 2 3 3 419640
38865 2 3 3 484848
39040 2 3 3 444432
39094 2 3 3 488022
39470 2 3 3 429750
39543 2 3 3 489873
39640 2 3 3 402750
39794 2 3 3 443940
39809 2 3 3 445230
39824 2 3 3 407820
39830 2 3 3 434172
39917 2 3 3 458282
40037 2 3 3 418692
40217 2 3 3 455700
40279 2 3 3 417837
40521 2 3 3 469800
40657 2 3 3 421740
40671 2 3 3 402696
40675 2 3 3 412920
40696 2 3 3 478920
40872 2 3 3 437660
41249 2 3 3 451764
41341 2 3 3 417118
41531 2 3 3 450408
41577 2 3 3 487134
41736 2 3 3 494424
41769 2 3 3 426537
41790 2 3 3 493935
41793 2 3 3 429885
41924 2 3 3 450180
41989 2 3 3 401112
42140 2 3 3 459675
42154 2 3 3 441222
42240 2 3 3 439587
42250 2 3 3 446614
42429 2 3 3 450450
42570 2 3 3 403200
42601 2 3 3 476034
42904 2 3 3 482868
42929 2 3 3 415767
43268 2 3 3 448720
43348 2 3 3 496107
43602 2 3 3 406500
43690 2 3 3 430218
43748 2 3 3 407208
43796 2 3 3 408726
43915 2 3 3 406890
43919 2 3 3 425334
43985 2 3 3 459096
44232 2 3 3 439674
44483 2 3 3 457011
44644 2 3 3 471086
44860 2 3 3 486170
45318 2 3 3 420656
45347 2 3 3 414960
45632 2 3 3 426132
45779 2 3 3 458660
45922 2 3 3 429840
46028 2 3 3 421008
46041 2 3 3 405834
46141 2 3 3 444636
46372 2 3 3 402204
46412 2 3 3 454167
46515 2 3 3 485496
46772 2 3 3 414540
46826 2 3 3 415361
47033 2 3 3 494982
47185 2 3 3 416442
47256 2 3 3 455670
47310 2 3 3 456807
47510 2 3 3 453750
48146 2 3 3 415360
48248 2 3 3 401760
48393 2 3 3 462396
48665 2 3 3 408000
48751 2 3 3 406888
48850 2 3 3 476168
49006 2 3 3 439920
49189 2 3 3 467784
49268 2 3 3 474594
49558 2 3 3 404982
49626 2 3 3 427392
49835 2 3 3 422148
49846 2 3 3 455589
50167 2 3 3 496800
50235 2 3 3 446463
50245 2 3 3 491392
50378 2 3 3 483840
50428 2 3 3 430236
50616 2 3 3 466590
50855 2 3 3 402592
50871 2 3 3 433152
51070 2 3 3 474512
51166 2 3 3 410712
51174 2 3 3 455952
51262 2 3 3 449280
51334 2 3 3 481580
51435 2 3 3 451440
51648 2 3 3 409262
51780 2 3 3 418818
51799 2 3 3 455793
52052 2 3 3 453123
52124 2 3 3 482562
52384 2 3 3 412776
52522 2 3 3 417942
52615 2 3 3 464752
52723 2 3 3 420147
53129 2 3 3 410130
53166 2 3 3 478116
53185 2 3 3 408852
53293 2 3 3 426870
53425 2 3 3 421500
53470 2 3 3 418608
53689 2 3 3 406224
53905 2 3 3 466440
53917 2 3 3 425040
54052 2 3 3 450048
54383 2 3 3 408660
54391 2 3 3 437892
54402 2 3 3 480848
54726 2 3 3 412217
54992 2 3 3 465516
55145 2 3 3 475080
55163 2 3 3 448740
55184 2 3 3 472590
55219 2 3 3 465468
55652 2 3 3 416472
55762 2 3 3 438216
55772 2 3 3 467976
56146 2 3 3 450536
56493 2 3 3 414540
56683 2 3 3 405720
56892 2 3 3 445760
57020 2 3 3 408500
57310 2 3 3 402144
57312 2 3 3 470800
57478 2 3 3 411765
57552 2 3 3 404790
57563 2 3 3 458712
57676 2 3 3 485586
57726 2 3 3 424728
57778 2 3 3 425040
57910 2 3 3 434943
58002 2 3 3 461500
58223 2 3 3 428853
58289 2 3 3 457938
58344 2 3 3 482864
58428 2 3 3 426474
58455 2 3 3 419976
58553 2 3 3 479520
58622 2 3 3 445740
59048 2 3 3 422280
59407 2 3 3 414288
59430 2 3 3 428128
59582 2 3 3 436968
59802 2 3 3 412002
60025 2 3 3 464880
60261 2 3 3 453951
60602 2 3 3 463608
60676 2 3 3 444290
60689 2 3 3 400752
60708 2 3 3 413136
60724 2 3 3 445500
60882 2 3 3 439331
60901 2 3 3 422808
60964 2 3 3 455392
61002 2 3 3 403481
61106 2 3 3 449856
61139 2 3 3 400608
61258 2 3 3 412846
61371 2 3 3 421947
61699 2 3 3 443622
61859 2 3 3 435240
61876 2 3 3 421920
62038 2 3 3 473256
62164 2 3 3 463386
62364 2 3 3 496001
62411 2 3 3 443112
62449 2 3 3 464400
62524 2 3 3 487512
62775 2 3 3 475278
62865 2 3 3 440241
62965 2 3 3 460782
63090 2 3 3 413574
63329 2 3 3 413136
63386 2 3 3 486640
63614 2 3 3 484380
63724 2 3 3 440640
63859 2 3 3 406215
63867 2 3 3 493812
63960 2 3 3 457692
64226 2 3 3 483336
64347 2 3 3 441945
64493 2 3 3 421050
64637 2 3 3 418392
64638 2 3 3 405000
64842 2 3 3 422334
