218 2 3 4 402336
177 2 3 4 408336
102 2 3 4 408828
377 2 3 4 417480
359 2 3 4 423672
137 2 3 4 427176
23 2 3 4 451052
528 2 3 4 459888
575 2 3 4 460752
273 2 3 4 462264
632 2 3 4 471240
193 2 3 4 477240
491 2 3 4 477840
217 2 3 4 480236
272 2 3 4 480352
579 2 3 4 488040
266 2 3 4 490210
394 2 3 4 494344
393 2 3 4 495216
191 2 3 4 498960
7 2 3 4 506076
64 2 3 4 519640
110 2 3 4 524064
141 2 3 4 529200
309 2 3 4 530692
90 2 3 4 533800
337 2 3 4 537864
119 2 3 4 545992
158 2 3 4 547344
176 2 3 4 554584
146 2 3 4 561660
103 2 3 4 561904
259 2 3 4 564672
216 2 3 4 567474
114 2 3 4 567712
208 2 3 4 573760
270 2 3 4 577192
227 2 3 4 580992
152 2 3 4 582820
55 2 3 4 593180
48 2 3 4 607880
39 2 3 4 607932
135 2 3 4 608080
44 2 3 4 609312
43 2 3 4 613002
69 2 3 4 617400
118 2 3 4 619824
3 2 3 4 620464
2 2 3 4 623930
187 2 3 4 630300
169 2 3 4 632730
138 2 3 4 634752
164 2 3 4 635040
82 2 3 4 638820
57 2 3 4 646800
49 2 3 4 651820
93 2 3 4 655620
162 2 3 4 673904
163 2 3 4 687960
5 2 3 4 690624
128 2 3 4 700640
224 2 3 4 702294
318 2 3 4 703360
206 2 3 4 718584
253 2 3 4 719040
75 2 3 4 721344
257 2 3 4 722085
294 2 3 4 724672
66 2 3 4 727364
235 2 3 4 729372
120 2 3 4 731916
240 2 3 4 733150
165 2 3 4 733176
100 2 3 4 763820
247 2 3 4 766044
185 2 3 4 766300
22 2 3 4 770224
29 2 3 4 794228
42 2 3 4 795108
13 2 3 4 799680
37 2 3 4 812288
34 2 3 4 815184
243 2 3 4 826980
136 2 3 4 832656
188 2 3 4 842688
195 2 3 4 852416
78 2 3 4 857940
147 2 3 4 870696
220 2 3 4 871380
131 2 3 4 871740
244 2 3 4 873868
173 2 3 4 876040
129 2 3 4 881832
18 2 3 4 882640
183 2 3 4 887400
99 2 3 4 889876
223 2 3 4 890460
86 2 3 4 891268
104 2 3 4 891420
167 2 3 4 894140
10 2 3 4 904042
111 2 3 4 912748
238 2 3 4 924000
204 2 3 4 930340
96 2 3 4 931296
288 2 3 4 934920
70 2 3 4 937580
233 2 3 4 951740
32 2 3 4 953874
126 2 3 4 961316
192 2 3 4 963256
45 2 3 4 964302
182 2 3 4 973056
27 2 3 4 973080
297 2 3 4 975616
289 2 3 4 989016
315 2 3 4 989708
122 2 3 4 990432
314 2 3 4 990432
4 2 3 4 998760
180 2 3 4 1002740
63 2 3 4 1011904
200 2 3 4 1016496
269 2 3 4 1022072
301 2 3 4 1024232
41 2 3 4 1024460
199 2 3 4 1030606
161 2 3 4 1040760
186 2 3 4 1041836
231 2 3 4 1042440
276 2 3 4 1044200
170 2 3 4 1064280
250 2 3 4 1068624
157 2 3 4 1069200
67 2 3 4 1070796
36 2 3 4 1074472
105 2 3 4 1074480
127 2 3 4 1088172
8 2 3 4 1090518
291 2 3 4 1095664
324 2 3 4 1120112
214 2 3 4 1123648
174 2 3 4 1133540
94 2 3 4 1133568
68 2 3 4 1134000
298 2 3 4 1134360
197 2 3 4 1135680
65 2 3 4 1140720
95 2 3 4 1140876
16 2 3 4 1148264
121 2 3 4 1151648
0 2 3 4 1156896
212 2 3 4 1169260
386 2 3 4 1171432
106 2 3 4 1178240
15 2 3 4 1178672
85 2 3 4 1185984
108 2 3 4 1188810
71 2 3 4 1194048
144 2 3 4 1197272
149 2 3 4 1220100
444 2 3 4 1222368
518 2 3 4 1223040
413 2 3 4 1230076
54 2 3 4 1232972
371 2 3 4 1240096
275 2 3 4 1243108
109 2 3 4 1252520
115 2 3 4 1264200
248 2 3 4 1265280
234 2 3 4 1266330
331 2 3 4 1267016
329 2 3 4 1270620
319 2 3 4 1272068
285 2 3 4 1273320
418 2 3 4 1276894
477 2 3 4 1277760
320 2 3 4 1278708
448 2 3 4 1289960
452 2 3 4 1294720
38 2 3 4 1305372
292 2 3 4 1306820
364 2 3 4 1315960
482 2 3 4 1326368
228 2 3 4 1337720
338 2 3 4 1340848
306 2 3 4 1345920
168 2 3 4 1346436
625 2 3 4 1351104
261 2 3 4 1352400
134 2 3 4 1353156
723 2 3 4 1358948
26 2 3 4 1370880
380 2 3 4 1373592
123 2 3 4 1375920
190 2 3 4 1382116
709 2 3 4 1383312
334 2 3 4 1387908
588 2 3 4 1392300
255 2 3 4 1399592
