139 2 3 4 10340852
162 2 3 4 15372462
397 2 3 4 10180921
477 2 3 4 10471240
574 2 3 4 10870912
597 2 3 4 10739701
653 2 3 4 10321856
663 2 3 4 10495962
139 2 3 4 10340852
162 2 3 4 15372462
23 2 4 4 22531276
139 2 3 4 10340852
162 2 3 4 15372462
397 2 3 4 10180921
477 2 3 4 10471240
574 2 3 4 10870912
597 2 3 4 10739701
653 2 3 4 10321856
663 2 3 4 10495962
940 2 3 4 11386830
23 2 4 4 22531276
27 2 4 4 14374654
30 2 4 4 11375868
63 2 4 4 13802304
76 2 4 4 16654200
77 2 4 4 20773652
81 2 4 4 14699141
83 2 4 4 23540374
87 2 4 4 11071768
104 2 4 4 11192040
109 2 4 4 15787734
139 2 3 4 10340852
162 2 3 4 15372462
397 2 3 4 10180921
