0 2 3 2 4800
8 2 3 2 3192
10 2 3 2 2128
13 2 3 2 1760
15 2 3 2 1632
16 2 3 2 4320
17 2 3 2 2240
19 2 3 2 1936
20 2 3 2 3808
22 2 3 2 1600
37 2 3 2 1936
42 2 3 2 1408
45 2 3 2 5184
47 2 3 2 3528
49 2 3 2 1760
52 2 3 2 1344
56 2 3 2 4928
57 2 3 2 3136
65 2 3 2 1792
66 2 3 2 3168
67 2 3 2 1792
68 2 3 2 5040
71 2 3 2 3024
79 2 3 2 1792
80 2 3 2 1792
82 2 3 2 1152
85 2 3 2 3520
90 2 3 2 3696
94 2 3 2 1792
99 2 3 2 2464
103 2 3 2 4704
107 2 3 2 2128
114 2 3 2 1920
117 2 3 2 1232
118 2 3 2 1936
121 2 3 2 1408
122 2 3 2 1200
126 2 3 2 1200
127 2 3 2 3808
128 2 3 2 1664
134 2 3 2 2176
136 2 3 2 3840
143 2 3 2 2352
147 2 3 2 2464
149 2 3 2 2640
152 2 3 2 3136
153 2 3 2 3696
155 2 3 2 3808
156 2 3 2 2080
158 2 3 2 2268
160 2 3 2 3520
165 2 3 2 3672
167 2 3 2 5184
172 2 3 2 1024
176 2 3 2 2856
177 2 3 2 3840
183 2 3 2 3696
185 2 3 2 6720
191 2 3 2 2464
192 2 3 2 1792
193 2 3 2 4320
199 2 3 2 1792
201 2 3 2 1024
204 2 3 2 2400
206 2 3 2 1408
207 2 3 2 2464
208 2 3 2 1280
217 2 3 2 1408
223 2 3 2 2400
224 2 3 2 5376
226 2 3 2 1848
229 2 3 2 1280
231 2 3 2 1920
233 2 3 2 1344
234 2 3 2 1680
238 2 3 2 4896
240 2 3 2 3200
245 2 3 2 2240
246 2 3 2 1152
248 2 3 2 2240
249 2 3 2 4032
254 2 3 2 4032
255 2 3 2 1152
259 2 3 2 2560
269 2 3 2 2464
270 2 3 2 1056
273 2 3 2 1760
275 2 3 2 1792
276 2 3 2 3240
280 2 3 2 3168
284 2 3 2 1664
285 2 3 2 2016
286 2 3 2 3168
288 2 3 2 3696
289 2 3 2 1280
291 2 3 2 1408
292 2 3 2 1152
296 2 3 2 2304
297 2 3 2 1584
298 2 3 2 1792
305 2 3 2 1344
316 2 3 2 1936
317 2 3 2 1848
318 2 3 2 3920
324 2 3 2 3584
329 2 3 2 1792
335 2 3 2 4704
340 2 3 2 3080
341 2 3 2 2464
350 2 3 2 1280
354 2 3 2 1024
362 2 3 2 2304
364 2 3 2 2640
367 2 3 2 1792
369 2 3 2 1936
371 2 3 2 2912
375 2 3 2 3584
382 2 3 2 1792
388 2 3 2 1152
390 2 3 2 2640
391 2 3 2 2240
395 2 3 2 2816
397 2 3 2 3072
402 2 3 2 1008
403 2 3 2 1152
405 2 3 2 2640
411 2 3 2 1680
413 2 3 2 3840
417 2 3 2 3136
418 2 3 2 2736
425 2 3 2 9216
435 2 3 2 1760
438 2 3 2 2080
444 2 3 2 1792
447 2 3 2 1764
448 2 3 2 1008
455 2 3 2 1200
462 2 3 2 1408
463 2 3 2 1664
467 2 3 2 1408
472 2 3 2 1280
477 2 3 2 2592
479 2 3 2 4032
480 2 3 2 1088
483 2 3 2 1800
485 2 3 2 2160
490 2 3 2 4928
492 2 3 2 2048
496 2 3 2 2880
497 2 3 2 1024
500 2 3 2 1344
501 2 3 2 1848
502 2 3 2 3240
503 2 3 2 2464
504 2 3 2 4320
511 2 3 2 2128
515 2 3 2 1008
517 2 3 2 1408
522 2 3 2 1152
525 2 3 2 1728
537 2 3 2 2520
540 2 3 2 1344
541 2 3 2 1152
543 2 3 2 1408
549 2 3 2 2280
555 2 3 2 4200
560 2 3 2 3528
561 2 3 2 1760
565 2 3 2 2160
569 2 3 2 1848
572 2 3 2 1680
573 2 3 2 1408
574 2 3 2 2688
577 2 3 2 1152
579 2 3 2 1792
580 2 3 2 1176
588 2 3 2 4224
592 2 3 2 1152
593 2 3 2 2880
597 2 3 2 3024
602 2 3 2 1280
603 2 3 2 1848
606 2 3 2 1728
607 2 3 2 3168
609 2 3 2 1936
611 2 3 2 1344
613 2 3 2 1920
615 2 3 2 5040
617 2 3 2 3136
619 2 3 2 1536
627 2 3 2 1760
629 2 3 2 5824
641 2 3 2 1344
647 2 3 2 2160
652 2 3 2 1920
654 2 3 2 4032
657 2 3 2 3360
659 2 3 2 3696
662 2 3 2 1152
663 2 3 2 1088
664 2 3 2 6912
666 2 3 2 1344
673 2 3 2 1344
674 2 3 2 1408
676 2 3 2 1848
677 2 3 2 9408
678 2 3 2 1848
684 2 3 2 1920
686 2 3 2 1280
687 2 3 2 1568
688 2 3 2 4000
690 2 3 2 3136
693 2 3 2 3240
696 2 3 2 4480
701 2 3 2 2288
703 2 3 2 3360
704 2 3 2 3920
706 2 3 2 1344
708 2 3 2 1936
710 2 3 2 5184
727 2 3 2 2464
728 2 3 2 1152
731 2 3 2 3840
737 2 3 2 2688
739 2 3 2 4480
741 2 3 2 2240
743 2 3 2 1792
744 2 3 2 4536
746 2 3 2 3168
751 2 3 2 1024
754 2 3 2 1408
759 2 3 2 2352
763 2 3 2 1320
766 2 3 2 1536
769 2 3 2 4480
779 2 3 2 1440
786 2 3 2 1024
789 2 3 2 2304
792 2 3 2 2128
796 2 3 2 1920
798 2 3 2 2992
799 2 3 2 2880
800 2 3 2 4032
803 2 3 2 1008
811 2 3 2 2016
817 2 3 2 3136
819 2 3 2 1792
821 2 3 2 1408
829 2 3 2 2288
837 2 3 2 2464
839 2 3 2 5184
846 2 3 2 7056
848 2 3 2 1400
852 2 3 2 1056
853 2 3 2 3584
854 2 3 2 2304
859 2 3 2 1408
865 2 3 2 4320
869 2 3 2 5712
873 2 3 2 2352
876 2 3 2 1728
877 2 3 2 2240
878 2 3 2 1408
881 2 3 2 4800
884 2 3 2 2240
886 2 3 2 1056
889 2 3 2 1344
890 2 3 2 5880
891 2 3 2 3024
892 2 3 2 1280
894 2 3 2 4032
895 2 3 2 2464
896 2 3 2 5184
902 2 3 2 1344
903 2 3 2 1088
908 2 3 2 5376
918 2 3 2 2464
919 2 3 2 2304
920 2 3 2 1792
921 2 3 2 4032
926 2 3 2 3168
927 2 3 2 2304
929 2 3 2 1344
930 2 3 2 2816
942 2 3 2 3024
943 2 3 2 1848
947 2 3 2 2160
951 2 3 2 3888
953 2 3 2 1024
954 2 3 2 1008
955 2 3 2 1008
959 2 3 2 1344
964 2 3 2 2376
965 2 3 2 1280
967 2 3 2 1024
972 2 3 2 1344
980 2 3 2 6048
986 2 3 2 1176
989 2 3 2 1280
991 2 3 2 3072
1006 2 3 2 5376
1013 2 3 2 2016
1014 2 3 2 1152
1018 2 3 2 3744
1023 2 3 2 1344
1024 2 3 2 2240
1028 2 3 2 2304
1030 2 3 2 1344
1031 2 3 2 1848
1040 2 3 2 1408
1045 2 3 2 2464
1052 2 3 2 2352
1053 2 3 2 1536
1054 2 3 2 5376
1055 2 3 2 9216
1058 2 3 2 4080
1061 2 3 2 1680
1062 2 3 2 1344
1063 2 3 2 4704
1064 2 3 2 4032
1067 2 3 2 3168
1069 2 3 2 5376
1070 2 3 2 3696
1072 2 3 2 1152
1074 2 3 2 1536
1077 2 3 2 3584
1082 2 3 2 3136
1083 2 3 2 2160
1085 2 3 2 2304
1087 2 3 2 2464
1098 2 3 2 1672
1099 2 3 2 2880
1102 2 3 2 3456
1108 2 3 2 2304
1110 2 3 2 1140
1111 2 3 2 4320
1113 2 3 2 1408
1115 2 3 2 2464
1116 2 3 2 2880
1117 2 3 2 2688
1125 2 3 2 1056
1126 2 3 2 1920
1127 2 3 2 4032
1128 2 3 2 2304
1133 2 3 2 3024
1150 2 3 2 1920
1154 2 3 2 1760
1164 2 3 2 1344
1167 2 3 2 2880
1171 2 3 2 3600
1172 2 3 2 1936
1173 2 3 2 1792
1176 2 3 2 2688
1180 2 3 2 1920
1186 2 3 2 1320
1189 2 3 2 1792
1193 2 3 2 1280
1195 2 3 2 1120
1199 2 3 2 4320
1205 2 3 2 2304
1206 2 3 2 1760
1210 2 3 2 4224
1211 2 3 2 2304
1218 2 3 2 2304
1221 2 3 2 1728
1225 2 3 2 3024
1230 2 3 2 3072
1242 2 3 2 2520
1243 2 3 2 1008
1244 2 3 2 1088
1247 2 3 2 3696
1248 2 3 2 4032
1256 2 3 2 1680
1258 2 3 2 2688
1259 2 3 2 3168
1266 2 3 2 2464
1268 2 3 2 3696
1273 2 3 2 1008
1276 2 3 2 1056
1278 2 3 2 5632
1285 2 3 2 1152
1286 2 3 2 3072
1287 2 3 2 4320
1288 2 3 2 2560
1292 2 3 2 4352
1297 2 3 2 3808
1298 2 3 2 4224
1299 2 3 2 3360
1301 2 3 2 3456
1306 2 3 2 1536
1307 2 3 2 2940
1308 2 3 2 3024
1309 2 3 2 1152
1312 2 3 2 4704
1320 2 3 2 2688
1323 2 3 2 3168
1325 2 3 2 5440
1326 2 3 2 2880
1327 2 3 2 2880
1328 2 3 2 6272
1329 2 3 2 1760
1330 2 3 2 3920
1333 2 3 2 1152
1334 2 3 2 3168
1337 2 3 2 5600
1338 2 3 2 1728
1340 2 3 2 3920
1341 2 3 2 4704
1346 2 3 2 3360
1355 2 3 2 3168
1357 2 3 2 4704
1360 2 3 2 2304
1361 2 3 2 1728
1362 2 3 2 1344
1364 2 3 2 5200
1365 2 3 2 2856
1367 2 3 2 1344
1371 2 3 2 3600
1375 2 3 2 1280
1379 2 3 2 3840
1380 2 3 2 1232
1384 2 3 2 3360
1385 2 3 2 1520
1389 2 3 2 4200
1390 2 3 2 1620
1391 2 3 2 6336
1397 2 3 2 3072
1399 2 3 2 4704
1405 2 3 2 6048
1406 2 3 2 1320
1410 2 3 2 1800
1415 2 3 2 1400
1416 2 3 2 3528
1424 2 3 2 3168
1428 2 3 2 1216
1431 2 3 2 4320
1432 2 3 2 1600
1434 2 3 2 1088
1437 2 3 2 2688
1441 2 3 2 2304
1445 2 3 2 1216
1450 2 3 2 1200
1463 2 3 2 4032
1465 2 3 2 4320
1468 2 3 2 2304
1476 2 3 2 2376
1479 2 3 2 5712
1481 2 3 2 2560
1483 2 3 2 4224
1488 2 3 2 3024
1489 2 3 2 5184
1492 2 3 2 3888
1495 2 3 2 1760
1496 2 3 2 3360
1499 2 3 2 1408
1503 2 3 2 6912
1505 2 3 2 1188
1514 2 3 2 1344
1522 2 3 2 2048
1525 2 3 2 1848
1528 2 3 2 1672
1529 2 3 2 2880
1533 2 3 2 1520
1535 2 3 2 2688
1537 2 3 2 4032
1540 2 3 2 3024
1544 2 3 2 6912
1549 2 3 2 4032
1553 2 3 2 1344
1555 2 3 2 1008
1558 2 3 2 1056
1561 2 3 2 3360
1563 2 3 2 4200
1564 2 3 2 2376
1565 2 3 2 1792
1569 2 3 2 4032
1571 2 3 2 1280
1572 2 3 2 1792
1575 2 3 2 4032
1576 2 3 2 2464
1577 2 3 2 1344
1580 2 3 2 4200
1581 2 3 2 1936
1586 2 3 2 2464
1587 2 3 2 9408
1590 2 3 2 2880
1592 2 3 2 2464
1594 2 3 2 2304
1596 2 3 2 1024
1600 2 3 2 1728
1603 2 3 2 1936
1615 2 3 2 1280
1627 2 3 2 1152
1632 2 3 2 9216
1635 2 3 2 1200
1636 2 3 2 1320
1640 2 3 2 1600
1645 2 3 2 1280
1648 2 3 2 4896
1650 2 3 2 1760
1651 2 3 2 1344
1653 2 3 2 1024
1659 2 3 2 2352
1666 2 3 2 1560
1672 2 3 2 1280
1679 2 3 2 1176
1681 2 3 2 2464
1685 2 3 2 2464
1701 2 3 2 3456
1718 2 3 2 4480
1721 2 3 2 2128
1723 2 3 2 1152
1725 2 3 2 1680
1727 2 3 2 2240
1728 2 3 2 1344
1729 2 3 2 2880
1730 2 3 2 3168
1737 2 3 2 3168
1749 2 3 2 2464
1751 2 3 2 4320
1752 2 3 2 5184
1757 2 3 2 1680
1759 2 3 2 2520
1768 2 3 2 1440
1770 2 3 2 2688
1772 2 3 2 1008
1776 2 3 2 3360
1778 2 3 2 2052
1781 2 3 2 1600
1783 2 3 2 2240
1784 2 3 2 3024
1787 2 3 2 4800
1790 2 3 2 1792
1791 2 3 2 1760
1793 2 3 2 1792
1794 2 3 2 1728
1796 2 3 2 3264
1801 2 3 2 2112
1805 2 3 2 5376
1810 2 3 2 3888
1811 2 3 2 2352
1815 2 3 2 1620
1818 2 3 2 3360
1827 2 3 2 1920
1828 2 3 2 3168
1833 2 3 2 4080
1834 2 3 2 2688
1835 2 3 2 1008
1836 2 3 2 4704
1839 2 3 2 2016
1840 2 3 2 1008
1841 2 3 2 1176
1846 2 3 2 1792
1848 2 3 2 4080
1849 2 3 2 5120
1850 2 3 2 2464
1852 2 3 2 1008
1857 2 3 2 2520
1859 2 3 2 1344
1862 2 3 2 1848
1863 2 3 2 4032
1864 2 3 2 1280
1867 2 3 2 4704
1869 2 3 2 1176
1871 2 3 2 2240
1878 2 3 2 1296
1879 2 3 2 2352
1882 2 3 2 2268
1883 2 3 2 4032
1888 2 3 2 1152
1890 2 3 2 2304
1891 2 3 2 4320
1896 2 3 2 4928
1905 2 3 2 4032
1906 2 3 2 1632
1912 2 3 2 1760
1915 2 3 2 2352
1916 2 3 2 4400
1917 2 3 2 1792
1921 2 3 2 2160
1929 2 3 2 1320
1930 2 3 2 2304
1931 2 3 2 2304
1932 2 3 2 3360
1935 2 3 2 1408
1939 2 3 2 2432
1940 2 3 2 3000
1942 2 3 2 5984
1944 2 3 2 3456
1957 2 3 2 2640
1959 2 3 2 1152
1961 2 3 2 3800
1966 2 3 2 1536
1967 2 3 2 3168
1970 2 3 2 4032
1974 2 3 2 1280
1982 2 3 2 2160
1987 2 3 2 2352
1988 2 3 2 4224
1989 2 3 2 2112
1995 2 3 2 1344
1997 2 3 2 1728
1998 2 3 2 3888
1999 2 3 2 1680
2001 2 3 2 1568
2003 2 3 2 2880
2004 2 3 2 3136
2005 2 3 2 1408
2012 2 3 2 1008
2014 2 3 2 2880
2020 2 3 2 3872
2029 2 3 2 3120
2034 2 3 2 3520
2044 2 3 2 3200
2045 2 3 2 1936
2047 2 3 2 5040
2055 2 3 2 1408
2056 2 3 2 1176
2058 2 3 2 4608
2063 2 3 2 3456
2066 2 3 2 1120
2068 2 3 2 3168
2071 2 3 2 5632
2073 2 3 2 2640
2076 2 3 2 1920
2077 2 3 2 2464
2078 2 3 2 1792
2079 2 3 2 1344
2080 2 3 2 1760
2082 2 3 2 3920
2083 2 3 2 3808
2085 2 3 2 1200
2089 2 3 2 1536
2099 2 3 2 5712
2100 2 3 2 1056
2103 2 3 2 3360
2104 2 3 2 1680
2109 2 3 2 2240
2112 2 3 2 1408
2114 2 3 2 1140
2115 2 3 2 3920
2116 2 3 2 3584
2119 2 3 2 1408
2121 2 3 2 1280
2124 2 3 2 2112
2127 2 3 2 3024
2129 2 3 2 2916
2130 2 3 2 2560
2131 2 3 2 1024
2141 2 3 2 2352
2147 2 3 2 1728
2149 2 3 2 1344
2154 2 3 2 1152
2155 2 3 2 2464
2163 2 3 2 1408
2169 2 3 2 4896
2171 2 3 2 3040
2172 2 3 2 3888
2178 2 3 2 1344
2186 2 3 2 1344
2187 2 3 2 4032
2190 2 3 2 2940
2191 2 3 2 8064
2200 2 3 2 1008
2201 2 3 2 2464
2203 2 3 2 2464
2205 2 3 2 1120
2212 2 3 2 2464
2216 2 3 2 1920
2220 2 3 2 1280
2228 2 3 2 1008
2229 2 3 2 1152
2234 2 3 2 3024
2237 2 3 2 3136
2241 2 3 2 1176
2243 2 3 2 1408
2246 2 3 2 2240
2258 2 3 2 4536
2263 2 3 2 1792
2265 2 3 2 3080
2266 2 3 2 1680
2268 2 3 2 3200
2269 2 3 2 1680
2277 2 3 2 3040
2280 2 3 2 1008
2284 2 3 2 2816
2287 2 3 2 2048
2290 2 3 2 2400
2292 2 3 2 2940
2295 2 3 2 2048
2296 2 3 2 1760
2297 2 3 2 1760
2301 2 3 2 4224
2303 2 3 2 1760
2306 2 3 2 1152
2309 2 3 2 4704
2313 2 3 2 1408
2314 2 3 2 1440
2315 2 3 2 1408
2316 2 3 2 2352
2323 2 3 2 4320
2324 2 3 2 2400
2333 2 3 2 4320
2339 2 3 2 1440
2344 2 3 2 1008
2346 2 3 2 1216
2348 2 3 2 1280
2353 2 3 2 3456
2357 2 3 2 1600
2358 2 3 2 1320
2361 2 3 2 1120
2362 2 3 2 3072
2367 2 3 2 1344
2371 2 3 2 8064
2377 2 3 2 1440
2382 2 3 2 2584
2384 2 3 2 1344
2385 2 3 2 1152
2386 2 3 2 3360
2389 2 3 2 1344
2390 2 3 2 2240
2392 2 3 2 2464
2396 2 3 2 1344
2398 2 3 2 1536
2399 2 3 2 2992
2406 2 3 2 2992
2408 2 3 2 3024
2413 2 3 2 1176
2414 2 3 2 1344
2416 2 3 2 4320
2418 2 3 2 1792
2422 2 3 2 1216
2425 2 3 2 1680
2429 2 3 2 4320
2432 2 3 2 2520
2436 2 3 2 1792
2440 2 3 2 1760
2443 2 3 2 1792
2446 2 3 2 1024
2447 2 3 2 1848
2449 2 3 2 3360
2453 2 3 2 1152
2458 2 3 2 1120
2462 2 3 2 6048
2463 2 3 2 1760
2464 2 3 2 1792
2467 2 3 2 3360
2476 2 3 2 4368
2499 2 3 2 5376
2529 2 3 2 6912
2545 2 3 2 3920
2549 2 3 2 3168
2554 2 3 2 3520
2559 2 3 2 6912
2566 2 3 2 6912
2584 2 3 2 3264
2593 2 3 2 3264
2601 2 3 2 3808
2603 2 3 2 3000
2612 2 3 2 4200
2615 2 3 2 3456
2620 2 3 2 4320
2630 2 3 2 3360
2641 2 3 2 3072
2644 2 3 2 4224
2658 2 3 2 4480
2659 2 3 2 3136
2667 2 3 2 3072
2675 2 3 2 3520
2678 2 3 2 6912
2680 2 3 2 3136
2686 2 3 2 4536
2694 2 3 2 5280
2714 2 3 2 3024
2717 2 3 2 4800
2758 2 3 2 4704
2762 2 3 2 6272
2768 2 3 2 4224
2819 2 3 2 3168
2828 2 3 2 3872
2844 2 3 2 5376
2852 2 3 2 3024
2868 2 3 2 4200
2892 2 3 2 8064
2893 2 3 2 3840
2913 2 3 2 3808
2916 2 3 2 8000
2940 2 3 2 6912
2948 2 3 2 3600
2956 2 3 2 7392
2959 2 3 2 8064
2976 2 3 2 6720
2993 2 3 2 3528
3005 2 3 2 3136
3019 2 3 2 4624
3028 2 3 2 3240
3032 2 3 2 4896
3037 2 3 2 9600
3046 2 3 2 5184
3047 2 3 2 3072
3049 2 3 2 5760
3056 2 3 2 3072
3059 2 3 2 7056
3070 2 3 2 4480
3071 2 3 2 4200
3072 2 3 2 6160
3081 2 3 2 4704
3098 2 3 2 7056
3104 2 3 2 4200
3106 2 3 2 3696
3111 2 3 2 5040
3117 2 3 2 3888
3127 2 3 2 3696
3143 2 3 2 3872
3159 2 3 2 3136
3177 2 3 2 3456
3195 2 3 2 4032
3215 2 3 2 4928
3218 2 3 2 3072
3230 2 3 2 3584
3232 2 3 2 3136
3261 2 3 2 3520
3320 2 3 2 3696
3330 2 3 2 3072
3342 2 3 2 3360
3368 2 3 2 6912
3372 2 3 2 3024
3384 2 3 2 5984
3391 2 3 2 4928
3393 2 3 2 3696
3394 2 3 2 3808
3409 2 3 2 4896
3412 2 3 2 4032
3420 2 3 2 4400
3423 2 3 2 3360
3428 2 3 2 4080
3446 2 3 2 4704
3449 2 3 2 3200
3464 2 3 2 5760
3465 2 3 2 3584
3467 2 3 2 3024
3475 2 3 2 3456
3497 2 3 2 7056
3504 2 3 2 5600
3505 2 3 2 3136
3512 2 3 2 4368
3517 2 3 2 4536
3525 2 3 2 3696
3531 2 3 2 3360
3548 2 3 2 5200
3551 2 3 2 4032
3567 2 3 2 3200
3574 2 3 2 3696
3579 2 3 2 4928
3604 2 3 2 4928
3607 2 3 2 3168
3610 2 3 2 3584
3623 2 3 2 6400
3630 2 3 2 5376
3651 2 3 2 9408
3655 2 3 2 4032
3664 2 3 2 6048
3667 2 3 2 4400
3676 2 3 2 3024
3680 2 3 2 3520
3683 2 3 2 3696
3691 2 3 2 4928
3704 2 3 2 5440
3706 2 3 2 4928
3715 2 3 2 4032
3720 2 3 2 4320
3724 2 3 2 4224
3732 2 3 2 4200
3743 2 3 2 3808
3749 2 3 2 3528
3752 2 3 2 4608
3755 2 3 2 7200
3761 2 3 2 3136
3777 2 3 2 5184
3793 2 3 2 3120
3794 2 3 2 4032
3796 2 3 2 3168
3805 2 3 2 5600
3814 2 3 2 3024
3820 2 3 2 3200
3827 2 3 2 4032
3830 2 3 2 3672
3845 2 3 2 3456
3854 2 3 2 3528
3858 2 3 2 3360
3880 2 3 2 3584
3893 2 3 2 5040
3899 2 3 2 3528
3905 2 3 2 4704
3916 2 3 2 3136
3939 2 3 2 4032
3942 2 3 2 3584
3956 2 3 2 3840
3964 2 3 2 3168
3981 2 3 2 4800
3994 2 3 2 5040
3998 2 3 2 6272
4008 2 3 2 4032
4010 2 3 2 4000
4011 2 3 2 3168
4028 2 3 2 4480
4036 2 3 2 4536
4038 2 3 2 4704
4041 2 3 2 3360
4043 2 3 2 4224
4047 2 3 2 3808
4058 2 3 2 4320
4064 2 3 2 3168
4086 2 3 2 6272
4095 2 3 2 6048
4104 2 3 2 4032
4116 2 3 2 3360
4122 2 3 2 3360
4127 2 3 2 4000
4129 2 3 2 3168
4145 2 3 2 3360
4156 2 3 2 3072
4172 2 3 2 4032
4181 2 3 2 7056
4216 2 3 2 3456
4217 2 3 2 3040
4219 2 3 2 3648
4237 2 3 2 3072
4275 2 3 2 3456
4284 2 3 2 4624
4288 2 3 2 3136
4299 2 3 2 4704
4303 2 3 2 6912
4304 2 3 2 3456
4309 2 3 2 3024
4310 2 3 2 6048
4333 2 3 2 3360
4336 2 3 2 3136
4339 2 3 2 3888
4345 2 3 2 3328
4346 2 3 2 4032
4350 2 3 2 4704
4355 2 3 2 5600
4358 2 3 2 3072
4365 2 3 2 3584
4385 2 3 2 5376
4386 2 3 2 4704
4388 2 3 2 3840
4393 2 3 2 4224
4396 2 3 2 3808
4412 2 3 2 4624
4443 2 3 2 5376
4454 2 3 2 3264
4487 2 3 2 3168
4506 2 3 2 4704
4514 2 3 2 6400
4520 2 3 2 3808
4531 2 3 2 3024
4533 2 3 2 3024
4542 2 3 2 4032
4556 2 3 2 3136
4559 2 3 2 4704
4570 2 3 2 3888
4571 2 3 2 4032
4592 2 3 2 4368
4599 2 3 2 4800
4603 2 3 2 7056
4614 2 3 2 3120
4628 2 3 2 4400
4643 2 3 2 6912
4647 2 3 2 4320
4650 2 3 2 3696
4666 2 3 2 3520
4667 2 3 2 3168
4688 2 3 2 3360
4695 2 3 2 4032
4697 2 3 2 3168
4710 2 3 2 3456
4726 2 3 2 6336
4748 2 3 2 3200
4761 2 3 2 3136
4768 2 3 2 4032
4782 2 3 2 3456
4793 2 3 2 3136
4804 2 3 2 3528
4815 2 3 2 4320
4816 2 3 2 4608
4825 2 3 2 3168
4827 2 3 2 3360
4828 2 3 2 4224
4836 2 3 2 4032
4853 2 3 2 3888
4862 2 3 2 3672
4889 2 3 2 4480
4911 2 3 2 3024
4926 2 3 2 9408
4940 2 3 2 3696
4960 2 3 2 4704
4985 2 3 2 6048
4992 2 3 2 4032
4994 2 3 2 3360
5015 2 3 2 4080
5020 2 3 2 6912
5030 2 3 2 3840
5040 2 3 2 3360
5055 2 3 2 3200
5081 2 3 2 5760
5084 2 3 2 4928
5099 2 3 2 3024
5112 2 3 2 3520
5118 2 3 2 4224
5125 2 3 2 3456
5147 2 3 2 3024
5156 2 3 2 6912
5159 2 3 2 3040
5173 2 3 2 5376
5177 2 3 2 3024
5210 2 3 2 4896
5217 2 3 2 6272
5232 2 3 2 5600
5250 2 3 2 3584
5262 2 3 2 3136
5273 2 3 2 3520
5277 2 3 2 4608
5278 2 3 2 4400
5294 2 3 2 6048
5314 2 3 2 3136
5319 2 3 2 3168
5324 2 3 2 3528
5328 2 3 2 4032
5337 2 3 2 6048
5346 2 3 2 4480
5361 2 3 2 3744
5368 2 3 2 4704
5381 2 3 2 5600
5396 2 3 2 3080
5403 2 3 2 3240
5407 2 3 2 3872
5417 2 3 2 3744
5424 2 3 2 5632
5439 2 3 2 4032
5444 2 3 2 8400
5449 2 3 2 8960
5452 2 3 2 3072
5453 2 3 2 3024
5458 2 3 2 3168
5468 2 3 2 6912
5482 2 3 2 4480
5487 2 3 2 4320
5499 2 3 2 3536
5503 2 3 2 3200
5505 2 3 2 3136
5507 2 3 2 3136
5509 2 3 2 3888
5510 2 3 2 5184
5515 2 3 2 3328
5521 2 3 2 3136
5525 2 3 2 3264
5534 2 3 2 3456
5541 2 3 2 4000
5546 2 3 2 3168
5571 2 3 2 3168
5577 2 3 2 4800
5598 2 3 2 4032
5602 2 3 2 4800
5605 2 3 2 3136
5606 2 3 2 3200
5610 2 3 2 8064
5646 2 3 2 6048
5650 2 3 2 3024
5651 2 3 2 3168
5664 2 3 2 6272
5675 2 3 2 8960
5683 2 3 2 3136
5695 2 3 2 4928
5699 2 3 2 5184
5703 2 3 2 3072
5710 2 3 2 3136
5711 2 3 2 4704
5712 2 3 2 3744
5714 2 3 2 4032
5744 2 3 2 3072
5759 2 3 2 3456
5760 2 3 2 3520
5776 2 3 2 3584
5794 2 3 2 3360
5800 2 3 2 4032
5811 2 3 2 3024
5822 2 3 2 3168
5825 2 3 2 4704
5868 2 3 2 3136
5880 2 3 2 4032
5912 2 3 2 4320
5940 2 3 2 6912
5946 2 3 2 3024
5948 2 3 2 3840
5963 2 3 2 4704
5965 2 3 2 3808
5968 2 3 2 4032
5980 2 3 2 4032
6003 2 3 2 3520
6005 2 3 2 4608
6008 2 3 2 3872
6010 2 3 2 5376
6016 2 3 2 3024
6018 2 3 2 3872
6028 2 3 2 4800
6032 2 3 2 3888
6035 2 3 2 4896
6037 2 3 2 6272
6057 2 3 2 3808
6076 2 3 2 3520
6095 2 3 2 3136
6098 2 3 2 3168
6105 2 3 2 3744
6110 2 3 2 3168
6141 2 3 2 4000
6153 2 3 2 4320
6181 2 3 2 3024
6198 2 3 2 6048
6217 2 3 2 6528
6246 2 3 2 6048
6262 2 3 2 5184
6348 2 3 2 5184
6358 2 3 2 5376
6360 2 3 2 6048
6382 2 3 2 5760
6400 2 3 2 5040
6462 2 3 2 7392
6491 2 3 2 6912
6536 2 3 2 5376
6561 2 3 2 5040
6666 2 3 2 5376
6696 2 3 2 5376
6798 2 3 2 5184
6893 2 3 2 5184
6951 2 3 2 6272
6966 2 3 2 5184
7015 2 3 2 5376
7053 2 3 2 5984
7080 2 3 2 6400
7111 2 3 2 6272
7163 2 3 2 5120
7178 2 3 2 5712
7180 2 3 2 6720
7225 2 3 2 6048
7294 2 3 2 8400
7313 2 3 2 5376
7509 2 3 2 5376
7561 2 3 2 5600
7581 2 3 2 6048
7658 2 3 2 5120
7660 2 3 2 6272
7710 2 3 2 6912
7732 2 3 2 6048
7801 2 3 2 6720
7816 2 3 2 6800
7830 2 3 2 5760
7877 2 3 2 10752
7923 2 3 2 5376
7933 2 3 2 6912
7946 2 3 2 6336
7996 2 3 2 6000
8000 2 3 2 9216
8011 2 3 2 5184
8099 2 3 2 5376
8167 2 3 2 5040
8177 2 3 2 6048
8206 2 3 2 5376
8228 2 3 2 8000
8239 2 3 2 5400
8273 2 3 2 5376
8294 2 3 2 7840
8313 2 3 2 5376
8364 2 3 2 5376
8531 2 3 2 5600
8595 2 3 2 7056
8607 2 3 2 5600
8611 2 3 2 5760
8624 2 3 2 5632
8629 2 3 2 6720
8631 2 3 2 9408
8647 2 3 2 5376
8672 2 3 2 6720
8689 2 3 2 8064
8696 2 3 2 7392
8705 2 3 2 5376
8710 2 3 2 6272
8742 2 3 2 7200
8850 2 3 2 5760
8861 2 3 2 6272
8907 2 3 2 6912
8956 2 3 2 8960
8984 2 3 2 7200
9012 2 3 2 5760
9028 2 3 2 5184
9154 2 3 2 5376
9330 2 3 2 8448
9364 2 3 2 5376
9376 2 3 2 5376
9433 2 3 2 5184
9472 2 3 2 6720
9479 2 3 2 6912
9499 2 3 2 5184
9631 2 3 2 5376
9660 2 3 2 6048
9683 2 3 2 8064
9705 2 3 2 6048
9716 2 3 2 5880
9738 2 3 2 6160
9745 2 3 2 8400
9809 2 3 2 5184
9837 2 3 2 6912
9845 2 3 2 5376
9855 2 3 2 6912
9864 2 3 2 5376
9968 2 3 2 5632
10014 2 3 2 5760
10028 2 3 2 5376
10044 2 3 2 6400
10049 2 3 2 5632
10060 2 3 2 6048
10166 2 3 2 6272
10180 2 3 2 9408
10196 2 3 2 6048
10208 2 3 2 5712
10311 2 3 2 6528
10320 2 3 2 6272
10342 2 3 2 5376
10345 2 3 2 6048
10356 2 3 2 5760
10388 2 3 2 5376
10453 2 3 2 6528
10526 2 3 2 5880
10559 2 3 2 9408
10654 2 3 2 5712
10664 2 3 2 5376
10672 2 3 2 5376
10698 2 3 2 6048
10726 2 3 2 5440
10728 2 3 2 5184
10853 2 3 2 5600
10881 2 3 2 5040
10907 2 3 2 6048
10938 2 3 2 5040
10945 2 3 2 9216
10999 2 3 2 5184
11014 2 3 2 5040
11096 2 3 2 8064
11104 2 3 2 5184
11155 2 3 2 7200
11175 2 3 2 6000
11177 2 3 2 7056
11233 2 3 2 7392
11234 2 3 2 5376
11249 2 3 2 5600
11269 2 3 2 8064
11335 2 3 2 5760
11375 2 3 2 6912
11470 2 3 2 6048
11504 2 3 2 5120
11519 2 3 2 6048
11557 2 3 2 5376
11660 2 3 2 5184
11745 2 3 2 7200
11758 2 3 2 7168
11864 2 3 2 6720
11866 2 3 2 6048
11875 2 3 2 6272
11900 2 3 2 6912
11945 2 3 2 6912
11954 2 3 2 6720
11964 2 3 2 6048
11985 2 3 2 5184
11990 2 3 2 6048
12051 2 3 2 6048
12058 2 3 2 5376
12061 2 3 2 6144
12076 2 3 2 6048
12081 2 3 2 5760
12114 2 3 2 7168
12164 2 3 2 5184
12169 2 3 2 5184
12180 2 3 2 6720
12192 2 3 2 5040
12260 2 3 2 5040
12335 2 3 2 6720
12355 2 3 2 6048
12482 2 3 2 6912
12486 2 3 2 6048
12532 2 3 2 5712
12540 2 3 2 6048
12687 2 3 2 7200
12795 2 3 2 5184
12801 2 3 2 6912
12843 2 3 2 7168
12900 2 3 2 6048
12936 2 3 2 5760
12938 2 3 2 5760
12956 2 3 2 7168
12962 2 3 2 6400
13007 2 3 2 5040
13031 2 3 2 6272
13101 2 3 2 5600
13106 2 3 2 5760
13131 2 3 2 5760
13132 2 3 2 5760
13133 2 3 2 6336
13145 2 3 2 5376
13226 2 3 2 6048
13327 2 3 2 6336
13348 2 3 2 5184
13361 2 3 2 6048
13449 2 3 2 6720
13464 2 3 2 9408
13471 2 3 2 5376
13515 2 3 2 5376
13519 2 3 2 6272
13520 2 3 2 5760
13580 2 3 2 8064
13591 2 3 2 5376
13598 2 3 2 6048
13604 2 3 2 9216
13630 2 3 2 5880
13632 2 3 2 5600
13666 2 3 2 7680
13688 2 3 2 7040
13739 2 3 2 6912
13905 2 3 2 8000
13952 2 3 2 5760
13984 2 3 2 6720
13991 2 3 2 5760
13995 2 3 2 9216
14065 2 3 2 7392
14097 2 3 2 6720
14151 2 3 2 6720
14242 2 3 2 5600
14268 2 3 2 8064
14296 2 3 2 5600
14298 2 3 2 6272
14310 2 3 2 5184
14316 2 3 2 5984
14337 2 3 2 5880
14340 2 3 2 6048
14345 2 3 2 7200
14429 2 3 2 10752
14440 2 3 2 6048
14441 2 3 2 5376
14470 2 3 2 5440
14473 2 3 2 6048
14482 2 3 2 7200
14510 2 3 2 10752
14605 2 3 2 5880
14696 2 3 2 7680
14712 2 3 2 5184
14750 2 3 2 5600
14792 2 3 2 6048
14819 2 3 2 8064
14821 2 3 2 6272
14920 2 3 2 5184
14943 2 3 2 5184
15073 2 3 2 5184
15112 2 3 2 8400
15118 2 3 2 5184
15142 2 3 2 6272
15168 2 3 2 6048
15174 2 3 2 5184
15207 2 3 2 8064
15277 2 3 2 5184
15340 2 3 2 6272
15382 2 3 2 8400
15440 2 3 2 5376
15444 2 3 2 8064
15513 2 3 2 9408
15527 2 3 2 5632
15551 2 3 2 9216
15580 2 3 2 5184
15596 2 3 2 5040
15635 2 3 2 6800
15680 2 3 2 7056
15689 2 3 2 6048
15725 2 3 2 5600
15771 2 3 2 6160
15888 2 3 2 5712
15915 2 3 2 6048
16023 2 3 2 5040
16028 2 3 2 6048
16076 2 3 2 6912
16096 2 3 2 5040
16175 2 3 2 5760
16197 2 3 2 5760
16237 2 3 2 6048
16305 2 3 2 5184
16383 2 3 2 5280
16386 2 3 2 5600
16390 2 3 2 5760
16466 2 3 2 5760
16485 2 3 2 5760
16504 2 3 2 5440
16562 2 3 2 5376
16583 2 3 2 5040
16588 2 3 2 5984
16607 2 3 2 5376
16616 2 3 2 6048
16648 2 3 2 5040
16803 2 3 2 6912
16885 2 3 2 6720
16906 2 3 2 5184
17108 2 3 2 5376
17115 2 3 2 5760
17121 2 3 2 6912
17138 2 3 2 5760
17167 2 3 2 7680
17186 2 3 2 5376
17216 2 3 2 5376
17236 2 3 2 5184
17476 2 3 2 5184
17482 2 3 2 5600
17496 2 3 2 5376
17546 2 3 2 5376
17593 2 3 2 8400
17635 2 3 2 6912
17652 2 3 2 7168
17684 2 3 2 6400
17827 2 3 2 5600
17873 2 3 2 5184
17913 2 3 2 7392
17921 2 3 2 5760
17922 2 3 2 8064
17927 2 3 2 7680
17954 2 3 2 5184
17988 2 3 2 6720
18022 2 3 2 5760
18030 2 3 2 6272
18136 2 3 2 5184
18204 2 3 2 6336
18216 2 3 2 6048
18263 2 3 2 9856
18351 2 3 2 6000
18401 2 3 2 5600
18430 2 3 2 8064
18453 2 3 2 6720
18470 2 3 2 6720
18485 2 3 2 5712
18511 2 3 2 6048
18575 2 3 2 6720
18589 2 3 2 6048
18693 2 3 2 7056
18719 2 3 2 6720
18732 2 3 2 5440
18735 2 3 2 5760
18736 2 3 2 5376
18738 2 3 2 5600
18782 2 3 2 6048
18804 2 3 2 5760
18810 2 3 2 6720
18816 2 3 2 5184
18843 2 3 2 5376
18874 2 3 2 5184
18889 2 3 2 6048
18909 2 3 2 5760
18933 2 3 2 8064
19103 2 3 2 5120
19120 2 3 2 5184
19176 2 3 2 6400
19223 2 3 2 6000
19231 2 3 2 6720
19235 2 3 2 5376
19250 2 3 2 5184
19302 2 3 2 6048
19306 2 3 2 9600
19387 2 3 2 5376
19403 2 3 2 6000
19436 2 3 2 6048
19438 2 3 2 5040
19458 2 3 2 6272
19550 2 3 2 5040
19583 2 3 2 5440
19585 2 3 2 5184
19644 2 3 2 6400
19665 2 3 2 6912
19775 2 3 2 5184
19819 2 3 2 5040
19825 2 3 2 6400
19873 2 3 2 5184
19919 2 3 2 6912
20025 2 3 2 5184
20096 2 3 2 7392
20149 2 3 2 8064
20170 2 3 2 6912
20198 2 3 2 8064
20207 2 3 2 6048
20348 2 3 2 6400
20444 2 3 2 5184
20467 2 3 2 5880
20471 2 3 2 5040
20592 2 3 2 5040
20600 2 3 2 8448
20611 2 3 2 6336
20616 2 3 2 6720
20661 2 3 2 7200
20693 2 3 2 6400
20716 2 3 2 5376
20744 2 3 2 5824
20855 2 3 2 5824
20867 2 3 2 8800
20908 2 3 2 5760
20948 2 3 2 5040
20987 2 3 2 6272
20996 2 3 2 6336
21055 2 3 2 5760
21060 2 3 2 5880
21080 2 3 2 5376
21149 2 3 2 5600
21156 2 3 2 6000
21202 2 3 2 5600
21234 2 3 2 7056
21298 2 3 2 6912
21308 2 3 2 5376
21324 2 3 2 6912
21374 2 3 2 7392
21391 2 3 2 6912
21446 2 3 2 5376
21448 2 3 2 5376
21454 2 3 2 7680
21461 2 3 2 5184
21492 2 3 2 5376
21502 2 3 2 6336
21656 2 3 2 7392
21704 2 3 2 6272
21705 2 3 2 5760
21727 2 3 2 6912
21830 2 3 2 6336
21840 2 3 2 5040
21857 2 3 2 5184
21873 2 3 2 5760
21881 2 3 2 9216
21895 2 3 2 5040
21927 2 3 2 9408
21988 2 3 2 6048
21993 2 3 2 8064
22049 2 3 2 6336
22081 2 3 2 6912
22125 2 3 2 6336
22152 2 3 2 7616
22192 2 3 2 5600
22216 2 3 2 5184
22268 2 3 2 5184
22296 2 3 2 7200
22308 2 3 2 5760
22313 2 3 2 5376
22345 2 3 2 6528
22382 2 3 2 6272
22406 2 3 2 7200
22413 2 3 2 5600
22430 2 3 2 5376
22526 2 3 2 6048
22527 2 3 2 7056
22540 2 3 2 7000
22615 2 3 2 6528
22625 2 3 2 9856
22649 2 3 2 5600
22810 2 3 2 6912
22856 2 3 2 6400
22930 2 3 2 5184
22934 2 3 2 8000
22973 2 3 2 8960
22978 2 3 2 7056
23059 2 3 2 5376
23112 2 3 2 5376
23137 2 3 2 6912
23157 2 3 2 5184
23218 2 3 2 5376
23238 2 3 2 6720
23270 2 3 2 5184
23281 2 3 2 5184
23299 2 3 2 9216
23330 2 3 2 5600
23392 2 3 2 7000
23407 2 3 2 6528
23493 2 3 2 5712
23551 2 3 2 5040
23566 2 3 2 5120
23576 2 3 2 7040
23578 2 3 2 5184
23593 2 3 2 5376
23620 2 3 2 5184
23645 2 3 2 5760
23647 2 3 2 5376
23649 2 3 2 5184
23676 2 3 2 5040
23742 2 3 2 5184
23867 2 3 2 5184
23874 2 3 2 6912
23904 2 3 2 5184
23916 2 3 2 9216
23923 2 3 2 6912
24024 2 3 2 8400
24034 2 3 2 10752
24112 2 3 2 6400
24140 2 3 2 5600
24145 2 3 2 5760
24197 2 3 2 5184
24254 2 3 2 5600
24282 2 3 2 5376
24302 2 3 2 6272
24378 2 3 2 8064
24440 2 3 2 6912
24442 2 3 2 5376
24626 2 3 2 6048
24809 2 3 2 9216
24837 2 3 2 6528
24857 2 3 2 6048
25001 2 3 2 5376
25076 2 3 2 6160
25088 2 3 2 5712
25180 2 3 2 5376
25183 2 3 2 6528
25346 2 3 2 8400
25410 2 3 2 8064
25584 2 3 2 8064
25808 2 3 2 8064
26104 2 3 2 7056
26456 2 3 2 7168
26464 2 3 2 7056
26703 2 3 2 9408
26720 2 3 2 7200
27283 2 3 2 8064
27356 2 3 2 8064
27421 2 3 2 8064
27678 2 3 2 7616
27794 2 3 2 7056
27910 2 3 2 8960
27915 2 3 2 9408
27964 2 3 2 7056
28028 2 3 2 7680
28067 2 3 2 9216
28454 2 3 2 10752
28509 2 3 2 8064
28620 2 3 2 8064
28813 2 3 2 8400
29256 2 3 2 8400
29333 2 3 2 8064
29430 2 3 2 7056
30008 2 3 2 7056
30288 2 3 2 8960
30457 2 3 2 8448
30565 2 3 2 8064
30585 2 3 2 7168
30722 2 3 2 7680
30959 2 3 2 7680
31177 2 3 2 10752
31355 2 3 2 7056
31418 2 3 2 8064
31478 2 3 2 7200
31882 2 3 2 7200
31950 2 3 2 7200
32405 2 3 2 9408
32499 2 3 2 8448
32624 2 3 2 7200
32788 2 3 2 9216
32791 2 3 2 7616
32935 2 3 2 8800
33041 2 3 2 8064
33090 2 3 2 8064
33136 2 3 2 10752
33368 2 3 2 7056
33557 2 3 2 9600
33719 2 3 2 7200
33784 2 3 2 7040
33816 2 3 2 9216
33937 2 3 2 8704
33956 2 3 2 8400
34290 2 3 2 8400
34424 2 3 2 9408
34720 2 3 2 9600
35249 2 3 2 7040
35383 2 3 2 9408
35493 2 3 2 8064
35526 2 3 2 10000
35607 2 3 2 8064
35614 2 3 2 7744
36003 2 3 2 9600
36693 2 3 2 8448
36700 2 3 2 8000
37170 2 3 2 8064
37234 2 3 2 7616
37389 2 3 2 8064
38288 2 3 2 9408
38468 2 3 2 10752
39617 2 3 2 7056
39679 2 3 2 7200
39734 2 3 2 7680
39756 2 3 2 8064
39758 2 3 2 8064
39903 2 3 2 8400
40044 2 3 2 8400
40556 2 3 2 8064
40565 2 3 2 7840
40590 2 3 2 7056
40675 2 3 2 10752
40704 2 3 2 8064
40745 2 3 2 7056
40968 2 3 2 10000
41024 2 3 2 9600
41176 2 3 2 7392
41524 2 3 2 7200
41974 2 3 2 7680
42097 2 3 2 8000
42304 2 3 2 7680
42484 2 3 2 8400
42600 2 3 2 7392
42855 2 3 2 8064
42871 2 3 2 7680
42897 2 3 2 8960
43527 2 3 2 8064
43704 2 3 2 8064
43747 2 3 2 7392
43884 2 3 2 7200
45043 2 3 2 7040
45318 2 3 2 7616
45883 2 3 2 9600
45939 2 3 2 7840
46424 2 3 2 7200
46498 2 3 2 7168
46501 2 3 2 8000
46689 2 3 2 8800
46699 2 3 2 8448
46731 2 3 2 8064
46916 2 3 2 9216
47006 2 3 2 8400
47157 2 3 2 8400
47233 2 3 2 8000
47527 2 3 2 8400
47708 2 3 2 8064
48261 2 3 2 9408
48304 2 3 2 9216
48338 2 3 2 7392
48388 2 3 2 8400
48444 2 3 2 8064
48643 2 3 2 8064
48694 2 3 2 8064
48765 2 3 2 8064
49360 2 3 2 8064
49466 2 3 2 8960
49558 2 3 2 7744
49636 2 3 2 7392
49692 2 3 2 7200
49969 2 3 2 7056
50090 2 3 2 8960
50209 2 3 2 7056
50549 2 3 2 7200
50835 2 3 2 10752
51325 2 3 2 8400
51348 2 3 2 8064
52020 2 3 2 7056
52164 2 3 2 7680
52200 2 3 2 7680
52277 2 3 2 7200
52385 2 3 2 8960
52482 2 3 2 7168
52496 2 3 2 8400
52886 2 3 2 8448
53066 2 3 2 8400
53153 2 3 2 9600
53247 2 3 2 7680
53251 2 3 2 7680
53252 2 3 2 8064
53313 2 3 2 8448
53616 2 3 2 9600
54175 2 3 2 7200
54189 2 3 2 7680
54521 2 3 2 8064
54992 2 3 2 9216
55216 2 3 2 8064
55297 2 3 2 8064
55309 2 3 2 7200
55988 2 3 2 7200
56068 2 3 2 8400
56670 2 3 2 8064
56851 2 3 2 8064
57430 2 3 2 7680
58139 2 3 2 7200
58335 2 3 2 9600
58423 2 3 2 7680
59569 2 3 2 7200
59818 2 3 2 7616
59857 2 3 2 7200
59876 2 3 2 7680
59900 2 3 2 8800
60061 2 3 2 7680
60214 2 3 2 8064
60624 2 3 2 8800
60670 2 3 2 8064
60690 2 3 2 8064
61060 2 3 2 7200
61207 2 3 2 9408
61834 2 3 2 8064
62040 2 3 2 7616
62086 2 3 2 9216
62103 2 3 2 7200
62126 2 3 2 7056
62369 2 3 2 7040
62498 2 3 2 8448
62689 2 3 2 7200
62759 2 3 2 8064
62770 2 3 2 8960
62828 2 3 2 9600
62912 2 3 2 7040
62985 2 3 2 7680
63494 2 3 2 8800
63552 2 3 2 7680
63857 2 3 2 7392
64004 2 3 2 8064
64267 2 3 2 7168
64347 2 3 2 7840
64350 2 3 2 8064
64354 2 3 2 7616
64378 2 3 2 8064
64395 2 3 2 7040
64439 2 3 2 7680
64618 2 3 2 9408
64829 2 3 2 7056
64983 2 3 2 8400
65194 2 3 2 10752
65254 2 3 2 7056
65272 2 3 2 7056
65534 2 3 2 7680
65941 2 3 2 8064
65995 2 3 2 7056
66134 2 3 2 7056
66297 2 3 2 8064
66600 2 3 2 7200
66605 2 3 2 8448
66707 2 3 2 7392
66926 2 3 2 9216
66941 2 3 2 9600
67046 2 3 2 7200
67138 2 3 2 10752
67146 2 3 2 8064
67230 2 3 2 8064
67254 2 3 2 7616
67358 2 3 2 7168
67416 2 3 2 9216
67448 2 3 2 8064
67499 2 3 2 8064
68007 2 3 2 8064
68142 2 3 2 7680
68226 2 3 2 7168
68400 2 3 2 7744
68481 2 3 2 7056
68580 2 3 2 8064
68602 2 3 2 7056
69260 2 3 2 8000
69268 2 3 2 7200
69432 2 3 2 8064
69555 2 3 2 8064
69559 2 3 2 8064
69686 2 3 2 7200
69904 2 3 2 7056
70049 2 3 2 7056
70121 2 3 2 7392
70620 2 3 2 10752
70738 2 3 2 8064
71239 2 3 2 7744
71412 2 3 2 7056
71420 2 3 2 7392
71569 2 3 2 7680
71632 2 3 2 8400
71668 2 3 2 7056
71955 2 3 2 8064
72447 2 3 2 8064
72490 2 3 2 9408
72493 2 3 2 7680
72755 2 3 2 7168
72843 2 3 2 7056
73228 2 3 2 8064
73874 2 3 2 9408
74185 2 3 2 7200
74230 2 3 2 9408
74417 2 3 2 8064
74647 2 3 2 8400
74908 2 3 2 7056
74932 2 3 2 7200
74954 2 3 2 7200
75025 2 3 2 9856
75136 2 3 2 8000
75347 2 3 2 7680
75564 2 3 2 7392
75769 2 3 2 8064
75868 2 3 2 7000
75904 2 3 2 7056
76388 2 3 2 8064
76616 2 3 2 7040
76991 2 3 2 8400
77061 2 3 2 7200
77099 2 3 2 8000
77189 2 3 2 7200
77192 2 3 2 8064
77213 2 3 2 8064
77273 2 3 2 8960
78200 2 3 2 7040
78358 2 3 2 8400
79630 2 3 2 8064
79837 2 3 2 8064
79867 2 3 2 7680
80015 2 3 2 9600
80159 2 3 2 9600
80272 2 3 2 8400
80920 2 3 2 8064
81028 2 3 2 8960
81768 2 3 2 9408
81965 2 3 2 7680
82851 2 3 2 7040
82902 2 3 2 8400
83121 2 3 2 8064
83222 2 3 2 10752
83724 2 3 2 8960
83975 2 3 2 8064
84126 2 3 2 9216
84739 2 3 2 7392
85039 2 3 2 8064
85106 2 3 2 8064
85164 2 3 2 10752
85301 2 3 2 7680
85312 2 3 2 8064
85418 2 3 2 8064
85839 2 3 2 7168
85961 2 3 2 7168
85980 2 3 2 8064
86126 2 3 2 7056
86433 2 3 2 8960
86523 2 3 2 7680
86579 2 3 2 9216
86678 2 3 2 7056
86955 2 3 2 7200
87053 2 3 2 8064
87061 2 3 2 8400
87169 2 3 2 8064
87294 2 3 2 8064
87333 2 3 2 8400
87742 2 3 2 9408
87904 2 3 2 10752
87989 2 3 2 9856
88141 2 3 2 7200
88246 2 3 2 8064
88264 2 3 2 8000
88266 2 3 2 10752
88378 2 3 2 7200
89162 2 3 2 7200
89231 2 3 2 8000
89287 2 3 2 8064
89610 2 3 2 8400
90276 2 3 2 8064
90365 2 3 2 9408
90409 2 3 2 7392
90447 2 3 2 9856
91163 2 3 2 7392
91642 2 3 2 9408
91975 2 3 2 7680
92402 2 3 2 8064
92805 2 3 2 9600
93561 2 3 2 7040
93569 2 3 2 9408
93680 2 3 2 8064
93854 2 3 2 7200
94126 2 3 2 8000
94153 2 3 2 9216
94683 2 3 2 7040
94702 2 3 2 8448
94814 2 3 2 7168
94835 2 3 2 9600
95088 2 3 2 8064
95300 2 3 2 7680
96084 2 3 2 8448
96108 2 3 2 7200
96613 2 3 2 8064
96641 2 3 2 7616
96727 2 3 2 8064
96897 2 3 2 7056
97031 2 3 2 8000
97033 2 3 2 9216
97233 2 3 2 9600
97388 2 3 2 7200
97890 2 3 2 8800
98176 2 3 2 9216
98212 2 3 2 9408
98841 2 3 2 7840
98857 2 3 2 7680
98970 2 3 2 7056
98990 2 3 2 9216
99166 2 3 2 8400
99320 2 3 2 7056
2 2 3 3 8030
61 2 3 3 8624
64 2 3 3 7252
98 2 3 3 9960
146 2 3 3 8880
162 2 3 3 9675
201 2 3 3 10500
205 2 3 3 7120
215 2 3 3 7480
228 2 3 3 9085
270 2 3 3 10296
332 2 3 3 7410
339 2 3 3 8626
354 2 3 3 8512
371 2 3 3 9858
444 2 3 3 10664
453 2 3 3 9393
522 2 3 3 7076
679 2 3 3 8712
683 2 3 3 9240
813 2 3 3 7749
828 2 3 3 10452
969 2 3 3 9666
1035 2 3 3 10520
1036 2 3 3 9936
1048 2 3 3 7168
1074 2 3 3 10846
1090 2 3 3 7272
1217 2 3 3 10496
1349 2 3 3 8480
1366 2 3 3 9878
1438 2 3 3 10716
1450 2 3 3 10206
1460 2 3 3 9108
1510 2 3 3 9988
1558 2 3 3 9792
1583 2 3 3 10200
1606 2 3 3 9638
1642 2 3 3 10266
1663 2 3 3 8320
1673 2 3 3 8667
1711 2 3 3 10075
1803 2 3 3 7018
1811 2 3 3 10664
1893 2 3 3 9030
1894 2 3 3 7562
1913 2 3 3 8160
1950 2 3 3 8836
1995 2 3 3 8352
2012 2 3 3 8568
2125 2 3 3 8820
2168 2 3 3 7506
2186 2 3 3 9975
2241 2 3 3 9768
2375 2 3 3 7533
2396 2 3 3 10400
2414 2 3 3 8695
2441 2 3 3 9050
2468 2 3 3 8120
2477 2 3 3 7420
2490 2 3 3 7560
2521 2 3 3 8232
2583 2 3 3 10730
2604 2 3 3 8362
2669 2 3 3 8106
2764 2 3 3 10948
2771 2 3 3 10296
2837 2 3 3 10152
2887 2 3 3 9964
2920 2 3 3 10298
2925 2 3 3 9936
2973 2 3 3 10017
3034 2 3 3 8697
3068 2 3 3 8036
3133 2 3 3 10260
3166 2 3 3 8232
3178 2 3 3 7896
3181 2 3 3 8091
3190 2 3 3 8400
3201 2 3 3 7992
3204 2 3 3 8493
3252 2 3 3 8160
3277 2 3 3 10208
3303 2 3 3 9085
3317 2 3 3 7350
3387 2 3 3 7952
3455 2 3 3 8702
3523 2 3 3 9514
3527 2 3 3 8344
3737 2 3 3 8460
3769 2 3 3 9828
3857 2 3 3 8360
3935 2 3 3 10296
3965 2 3 3 10074
3977 2 3 3 7656
3989 2 3 3 10656
4171 2 3 3 10452
4210 2 3 3 10758
4223 2 3 3 10206
4269 2 3 3 10680
4363 2 3 3 7029
4408 2 3 3 9324
4409 2 3 3 8236
4449 2 3 3 10509
4457 2 3 3 9176
4501 2 3 3 8418
4508 2 3 3 9072
4581 2 3 3 9855
4620 2 3 3 10564
4633 2 3 3 9774
4713 2 3 3 7812
4719 2 3 3 7812
4752 2 3 3 7904
4773 2 3 3 10471
4779 2 3 3 7112
4787 2 3 3 8128
4796 2 3 3 10800
4923 2 3 3 8856
5042 2 3 3 7378
5088 2 3 3 9520
5104 2 3 3 10530
5154 2 3 3 9485
5184 2 3 3 8613
5206 2 3 3 10730
5220 2 3 3 7308
5238 2 3 3 8704
5345 2 3 3 10752
5353 2 3 3 9372
5460 2 3 3 10275
5467 2 3 3 7506
5508 2 3 3 8507
5526 2 3 3 10074
5611 2 3 3 8150
5620 2 3 3 9594
5632 2 3 3 8178
5641 2 3 3 7704
5718 2 3 3 10086
5782 2 3 3 7520
5861 2 3 3 10972
5936 2 3 3 8060
5947 2 3 3 10975
6053 2 3 3 8850
6137 2 3 3 7665
6161 2 3 3 8742
6215 2 3 3 7743
6234 2 3 3 7920
6288 2 3 3 7616
6429 2 3 3 7830
6442 2 3 3 10680
6480 2 3 3 9605
6495 2 3 3 10540
6513 2 3 3 8058
6545 2 3 3 8928
6555 2 3 3 8880
6579 2 3 3 9729
6594 2 3 3 9672
6616 2 3 3 7392
6661 2 3 3 8142
6700 2 3 3 10395
6730 2 3 3 8775
6792 2 3 3 10935
6805 2 3 3 7946
6830 2 3 3 8064
6871 2 3 3 9494
6969 2 3 3 9280
6979 2 3 3 10260
6992 2 3 3 7194
7019 2 3 3 7704
7082 2 3 3 9958
7154 2 3 3 10633
7162 2 3 3 7950
7296 2 3 3 10848
7348 2 3 3 7437
7418 2 3 3 7038
7529 2 3 3 7462
7555 2 3 3 10614
7585 2 3 3 10800
7587 2 3 3 7437
7641 2 3 3 9048
7713 2 3 3 7488
7721 2 3 3 10950
7729 2 3 3 9996
7746 2 3 3 7144
7817 2 3 3 10680
7924 2 3 3 7956
7932 2 3 3 8970
7950 2 3 3 10788
8026 2 3 3 7598
8047 2 3 3 7480
8074 2 3 3 7824
8138 2 3 3 7854
8150 2 3 3 10350
8160 2 3 3 9200
8185 2 3 3 8370
8194 2 3 3 9864
8208 2 3 3 7392
8249 2 3 3 9724
8351 2 3 3 10890
8368 2 3 3 7953
8418 2 3 3 8294
8495 2 3 3 10230
8574 2 3 3 10360
8709 2 3 3 10368
8743 2 3 3 10428
8763 2 3 3 10526
8800 2 3 3 9250
9146 2 3 3 9888
9209 2 3 3 9716
9261 2 3 3 9213
9332 2 3 3 10790
9451 2 3 3 10927
9497 2 3 3 9126
9658 2 3 3 9016
9850 2 3 3 9960
9859 2 3 3 9408
9884 2 3 3 9918
9931 2 3 3 9520
9944 2 3 3 9744
10206 2 3 3 10640
10377 2 3 3 9440
10401 2 3 3 10314
10566 2 3 3 10764
10590 2 3 3 9728
10601 2 3 3 9048
10628 2 3 3 9450
10691 2 3 3 10944
10705 2 3 3 10980
10713 2 3 3 9750
10884 2 3 3 10632
10987 2 3 3 9906
11006 2 3 3 10608
11023 2 3 3 9396
11056 2 3 3 10665
11125 2 3 3 10791
11223 2 3 3 9248
11290 2 3 3 10875
11349 2 3 3 10982
11367 2 3 3 9805
11464 2 3 3 10695
11525 2 3 3 9880
11588 2 3 3 10292
11640 2 3 3 9112
11876 2 3 3 10800
11881 2 3 3 9845
11991 2 3 3 9625
12041 2 3 3 9828
12339 2 3 3 9945
12372 2 3 3 10804
12437 2 3 3 9078
12448 2 3 3 10780
12654 2 3 3 10176
12839 2 3 3 10494
12884 2 3 3 10218
12899 2 3 3 10368
12928 2 3 3 10296
12933 2 3 3 9048
12986 2 3 3 9120
13054 2 3 3 10200
13080 2 3 3 10854
13211 2 3 3 9801
13263 2 3 3 10980
13309 2 3 3 10260
13343 2 3 3 9198
13363 2 3 3 10896
13369 2 3 3 10602
13442 2 3 3 9315
13718 2 3 3 10864
14014 2 3 3 9632
14040 2 3 3 10920
14118 2 3 3 10545
14563 2 3 3 10200
14587 2 3 3 10080
14600 2 3 3 10044
14826 2 3 3 9072
14842 2 3 3 10590
14906 2 3 3 9744
14935 2 3 3 10290
15010 2 3 3 9292
15080 2 3 3 9660
15102 2 3 3 10560
15211 2 3 3 9184
15215 2 3 3 9418
15274 2 3 3 9030
15327 2 3 3 10976
15352 2 3 3 9196
15423 2 3 3 9154
15567 2 3 3 10856
15759 2 3 3 10642
15770 2 3 3 10064
16043 2 3 3 10980
16082 2 3 3 9250
16121 2 3 3 10980
16172 2 3 3 10440
16215 2 3 3 9870
16225 2 3 3 9940
16232 2 3 3 10608
16234 2 3 3 10506
16277 2 3 3 10175
16363 2 3 3 9072
16379 2 3 3 9042
16389 2 3 3 9782
16397 2 3 3 10720
16567 2 3 3 9165
16635 2 3 3 9238
16688 2 3 3 10164
16710 2 3 3 9858
16730 2 3 3 9492
16742 2 3 3 9412
16798 2 3 3 10758
16942 2 3 3 9164
16961 2 3 3 9696
16974 2 3 3 9438
17101 2 3 3 10230
17128 2 3 3 10692
17363 2 3 3 10368
17429 2 3 3 10150
17720 2 3 3 10286
17730 2 3 3 9675
17745 2 3 3 9153
17767 2 3 3 9086
17821 2 3 3 9900
17829 2 3 3 9153
17940 2 3 3 9102
18044 2 3 3 9315
18114 2 3 3 9108
18347 2 3 3 9776
18643 2 3 3 9570
18696 2 3 3 9660
18701 2 3 3 10530
18711 2 3 3 10560
18766 2 3 3 10455
18768 2 3 3 10780
18968 2 3 3 10710
18996 2 3 3 10416
19034 2 3 3 9128
19066 2 3 3 10208
19147 2 3 3 9610
19216 2 3 3 10368
19230 2 3 3 10758
19296 2 3 3 10206
19609 2 3 3 9800
19626 2 3 3 10724
19640 2 3 3 9858
19744 2 3 3 10324
19787 2 3 3 10560
19896 2 3 3 10120
19973 2 3 3 9396
19977 2 3 3 9450
20015 2 3 3 10050
20064 2 3 3 10858
20094 2 3 3 10726
20124 2 3 3 9520
20280 2 3 3 9180
20356 2 3 3 10472
20487 2 3 3 10812
20494 2 3 3 9045
20514 2 3 3 10944
20547 2 3 3 10260
20644 2 3 3 10816
20851 2 3 3 10368
21151 2 3 3 9184
21459 2 3 3 10368
21479 2 3 3 9328
21510 2 3 3 9922
21711 2 3 3 9156
21771 2 3 3 9324
21806 2 3 3 9775
21850 2 3 3 9880
21905 2 3 3 10293
21940 2 3 3 9882
21941 2 3 3 10494
21943 2 3 3 10959
22043 2 3 3 9418
22191 2 3 3 9246
22262 2 3 3 9576
22272 2 3 3 10560
22392 2 3 3 9849
22596 2 3 3 9849
22598 2 3 3 10200
22668 2 3 3 10406
22820 2 3 3 9696
22911 2 3 3 9072
22958 2 3 3 10472
23028 2 3 3 10476
23062 2 3 3 10890
23219 2 3 3 10890
23364 2 3 3 9504
23390 2 3 3 10605
23420 2 3 3 10700
23723 2 3 3 10496
23835 2 3 3 9072
23872 2 3 3 9348
23907 2 3 3 10857
23956 2 3 3 10857
24123 2 3 3 10780
24317 2 3 3 9196
24370 2 3 3 9400
24457 2 3 3 10080
24458 2 3 3 10545
24480 2 3 3 9768
24605 2 3 3 9440
24645 2 3 3 9694
24973 2 3 3 9108
24984 2 3 3 10742
24990 2 3 3 10080
25350 2 3 3 10032
25369 2 3 3 9599
25391 2 3 3 10890
25539 2 3 3 9176
25580 2 3 3 10206
25629 2 3 3 10336
25635 2 3 3 10404
25667 2 3 3 10166
25703 2 3 3 9284
25731 2 3 3 9760
25870 2 3 3 10656
25893 2 3 3 9108
25945 2 3 3 10902
25995 2 3 3 10272
26098 2 3 3 9240
26154 2 3 3 10320
26221 2 3 3 10329
26288 2 3 3 9504
26348 2 3 3 10701
26435 2 3 3 10800
26478 2 3 3 10251
26530 2 3 3 9048
26551 2 3 3 10664
26642 2 3 3 10450
26671 2 3 3 9300
26721 2 3 3 9990
26893 2 3 3 9075
27006 2 3 3 10416
27073 2 3 3 9576
27138 2 3 3 10296
27286 2 3 3 9800
27350 2 3 3 9443
27414 2 3 3 9367
27563 2 3 3 10080
27777 2 3 3 10440
27929 2 3 3 10875
27943 2 3 3 9701
27975 2 3 3 10560
28051 2 3 3 10593
28085 2 3 3 9821
28133 2 3 3 10184
28155 2 3 3 10800
28166 2 3 3 9879
28264 2 3 3 10890
28279 2 3 3 10990
28350 2 3 3 10560
28514 2 3 3 9656
28528 2 3 3 9804
28616 2 3 3 9835
28649 2 3 3 9486
28842 2 3 3 10478
28858 2 3 3 9156
28888 2 3 3 9936
28893 2 3 3 9600
29017 2 3 3 9052
29050 2 3 3 9976
29061 2 3 3 10332
29076 2 3 3 10840
29131 2 3 3 9360
29142 2 3 3 10350
29143 2 3 3 9548
29191 2 3 3 9600
29467 2 3 3 9361
29530 2 3 3 10752
29537 2 3 3 10350
29575 2 3 3 10530
29785 2 3 3 9380
29789 2 3 3 9720
29839 2 3 3 9280
29878 2 3 3 9990
29912 2 3 3 10032
30009 2 3 3 9174
30131 2 3 3 9072
30190 2 3 3 9804
30307 2 3 3 9455
30401 2 3 3 10115
30471 2 3 3 10323
30677 2 3 3 9952
30753 2 3 3 10720
30849 2 3 3 9052
30855 2 3 3 10476
30916 2 3 3 9880
30926 2 3 3 9400
30953 2 3 3 9424
31263 2 3 3 9620
31411 2 3 3 10824
31520 2 3 3 10200
31643 2 3 3 10857
31645 2 3 3 9840
31646 2 3 3 10846
31808 2 3 3 10890
31900 2 3 3 9780
31915 2 3 3 10500
31923 2 3 3 9264
31935 2 3 3 10868
31963 2 3 3 9490
31964 2 3 3 9316
32068 2 3 3 9680
32291 2 3 3 9656
32324 2 3 3 9729
32386 2 3 3 10974
32404 2 3 3 10411
