339 3 3 3 150684
794 3 3 3 151274
1307 2 3 3 151480
496 2 3 3 151560
264 3 3 3 152164
1489 2 3 3 152388
490 3 3 3 152928
555 2 3 3 153064
286 2 3 3 154000
403 3 3 3 155433
796 2 3 3 155736
150 3 3 3 156090
382 2 3 3 156800
1023 2 3 3 157626
919 2 3 3 157860
267 3 3 3 158125
1496 2 3 3 159120
269 3 3 3 159120
1481 2 3 3 159250
127 2 3 3 159320
1306 2 3 3 160136
1043 3 3 3 160704
1134 3 3 3 160890
681 3 3 3 163668
972 3 3 3 163710
1347 3 3 3 164160
1480 3 3 3 164604
731 2 3 3 165528
373 3 3 3 165645
164 3 3 3 166104
425 2 3 3 168480
185 2 3 3 169056
1328 3 3 3 169200
1479 3 3 3 169458
654 2 3 3 169632
960 3 3 3 169905
1366 3 3 3 170040
594 3 3 3 170235
739 2 3 3 170610
411 3 3 3 170700
1055 2 3 3 172380
809 3 3 3 173376
1140 3 3 3 173430
1382 3 3 3 174528
1013 3 3 3 174610
1389 2 3 3 174933
738 3 3 3 175734
1356 3 3 3 176624
1277 3 3 3 176715
354 3 3 3 177642
406 3 3 3 178080
534 3 3 3 178464
1111 3 3 3 178536
928 2 3 3 178710
1483 2 3 3 179052
160 3 3 3 180294
318 2 3 3 181608
586 3 3 3 182028
747 3 3 3 182138
1343 3 3 3 182685
1310 3 3 3 183312
1188 3 3 3 183616
320 3 3 3 184080
1109 3 3 3 184275
710 2 3 3 184992
8 2 3 3 185220
839 3 3 3 185760
858 3 3 3 186660
498 2 3 3 187960
1364 2 3 3 188574
1243 2 3 3 189054
886 3 3 3 189060
485 3 3 3 189388
560 2 3 3 189600
926 2 3 3 189840
103 3 3 3 190848
902 3 3 3 193536
1350 3 3 3 193920
335 2 3 3 194346
1428 3 3 3 195806
183 2 3 3 196726
252 3 3 3 198792
1443 3 3 3 198990
790 3 3 3 199260
212 3 3 3 199576
1213 3 3 3 201096
13 3 3 3 201402
1272 3 3 3 202800
32 3 3 3 204444
552 3 3 3 204464
1346 2 3 3 204680
352 3 3 3 206080
1411 3 3 3 207720
274 3 3 3 208800
19 3 3 3 209040
1018 2 3 3 211500
20 2 3 3 212940
1301 3 3 3 215016
412 3 3 3 215127
68 2 3 3 215190
484 2 3 3 215680
207 3 3 3 216885
1397 2 3 3 216954
283 3 3 3 217260
1391 2 3 3 219170
1408 3 3 3 220800
1097 3 3 3 223416
622 3 3 3 224028
1267 3 3 3 224316
1431 3 3 3 226800
1268 2 3 3 226980
1070 3 3 3 227760
154 3 3 3 228690
1300 3 3 3 229700
935 3 3 3 229896
306 3 3 3 230868
576 3 3 3 231300
65 3 3 3 233112
179 3 3 3 235200
474 2 3 3 235950
870 3 3 3 236826
1178 3 3 3 238260
1073 3 3 3 238590
1054 2 3 3 239050
1001 3 3 3 240128
1433 3 3 3 240576
1248 3 3 3 241164
184 3 3 3 241165
696 2 3 3 241374
465 3 3 3 241947
1461 3 3 3 242880
651 3 3 3 244449
769 2 3 3 245310
547 3 3 3 245960
346 3 3 3 247248
314 3 3 3 247380
532 3 3 3 249480
689 3 3 3 250560
1191 3 3 3 251844
614 3 3 3 252588
1071 3 3 3 252672
1235 3 3 3 253752
1330 3 3 3 254904
841 3 3 3 255936
1255 3 3 3 256058
1315 3 3 3 257302
372 3 3 3 258016
1201 3 3 3 259080
1452 3 3 3 259380
175 3 3 3 259776
319 3 3 3 259848
968 3 3 3 260832
1212 3 3 3 261366
69 3 3 3 263408
847 3 3 3 265230
964 3 3 3 266952
545 3 3 3 267077
876 3 3 3 267380
512 3 3 3 268320
26 3 3 3 269100
132 3 3 3 269696
669 3 3 3 270144
334 3 3 3 270864
1044 3 3 3 270912
1170 3 3 3 272160
456 3 3 3 272372
682 3 3 3 272870
1489 3 3 3 272970
1368 3 3 3 273504
666 3 3 3 274068
1341 2 3 3 278388
1018 3 3 3 283284
900 3 3 3 285048
1005 3 3 3 286848
275 3 3 3 288576
1133 3 3 3 290700
923 3 3 3 292248
262 3 3 3 293348
659 3 3 3 294528
493 3 3 3 295920
1306 3 3 3 297546
1020 3 3 3 299000
1036 3 3 3 299880
178 3 3 3 300564
1010 3 3 3 300608
733 3 3 3 303552
122 3 3 3 304500
30 3 3 3 304704
301 3 3 3 305172
676 3 3 3 305292
381 3 3 3 305343
551 3 3 3 305424
1098 3 3 3 306075
656 3 3 3 306425
914 3 3 3 308448
392 3 3 3 308904
1259 3 3 3 309880
1462 3 3 3 311178
218 3 3 3 314154
1287 3 3 3 314199
441 3 3 3 315576
399 3 3 3 316472
633 3 3 3 317250
290 3 3 3 317577
25 3 3 3 318330
965 3 3 3 319872
1219 3 3 3 323190
1482 3 3 3 324384
880 3 3 3 324675
1328 2 3 3 325650
1016 3 3 3 328608
996 3 3 3 331632
724 3 3 3 332469
1160 3 3 3 334800
581 3 3 3 335385
1121 3 3 3 337608
686 3 3 3 338400
1075 3 3 3 339012
658 3 3 3 339240
1337 3 3 3 339570
478 3 3 3 339570
1112 3 3 3 339660
324 3 3 3 340400
293 3 3 3 341328
1136 3 3 3 342144
894 3 3 3 344160
921 3 3 3 344736
1236 3 3 3 344760
230 3 3 3 344832
1117 3 3 3 346302
1193 3 3 3 347097
111 3 3 3 347706
322 3 3 3 347760
1007 3 3 3 348192
1353 3 3 3 348348
