1 2 3 3 33672
3 2 3 3 12741
13 2 3 3 24831
15 2 3 3 14464
19 2 3 3 91290
22 2 3 3 89100
23 2 3 3 72657
24 2 3 3 39072
28 2 3 3 11484
29 2 3 3 90350
41 2 3 3 25584
42 2 3 3 30800
43 2 3 3 36576
47 2 3 3 88815
48 2 3 3 15150
51 2 3 3 75744
52 2 3 3 25344
53 2 3 3 41040
56 2 3 3 96696
57 2 3 3 55145
59 2 3 3 71868
66 2 3 3 78720
68 2 3 3 80730
70 2 3 3 39516
85 2 3 3 97825
86 2 3 3 65968
92 2 3 3 14070
93 2 3 3 79704
97 2 3 3 16380
99 2 3 3 69660
103 2 3 3 78554
107 2 3 3 43776
110 2 3 3 54780
111 2 3 3 26986
114 2 3 3 17098
115 2 3 3 84480
116 2 3 3 32595
118 2 3 3 87042
119 2 3 3 24610
121 2 3 3 94464
122 2 3 3 95496
123 2 3 3 99990
127 2 3 3 88830
128 2 3 3 96180
131 2 3 3 15979
135 2 3 3 17346
138 2 3 3 73920
139 2 3 3 43134
141 2 3 3 30495
145 2 3 3 28710
147 2 3 3 35223
156 2 3 3 31392
158 2 3 3 44800
167 2 3 3 40584
168 2 3 3 19680
169 2 3 3 86688
172 2 3 3 52954
182 2 3 3 70800
188 2 3 3 68400
191 2 3 3 85068
192 2 3 3 28336
193 2 3 3 73698
201 2 3 3 10500
206 2 3 3 27927
213 2 3 3 86940
214 2 3 3 55080
217 2 3 3 28420
220 2 3 3 77748
226 2 3 3 65286
229 2 3 3 46560
231 2 3 3 87168
233 2 3 3 11880
234 2 3 3 94350
237 2 3 3 12560
241 2 3 3 81375
243 2 3 3 69795
248 2 3 3 64236
249 2 3 3 66375
253 2 3 3 48195
254 2 3 3 79158
255 2 3 3 18360
263 2 3 3 82755
266 2 3 3 88938
269 2 3 3 40512
270 2 3 3 10296
273 2 3 3 78812
276 2 3 3 39220
280 2 3 3 64512
283 2 3 3 13575
286 2 3 3 43680
289 2 3 3 38622
291 2 3 3 38880
293 2 3 3 88752
304 2 3 3 19764
310 2 3 3 17328
312 2 3 3 46350
316 2 3 3 44283
317 2 3 3 36504
329 2 3 3 99620
334 2 3 3 58968
338 2 3 3 52171
341 2 3 3 88740
343 2 3 3 24095
347 2 3 3 41666
350 2 3 3 18387
361 2 3 3 28518
365 2 3 3 45396
367 2 3 3 14322
369 2 3 3 49932
373 2 3 3 32912
374 2 3 3 27261
384 2 3 3 76293
388 2 3 3 14475
390 2 3 3 39480
401 2 3 3 80522
403 2 3 3 42714
404 2 3 3 11016
421 2 3 3 16200
431 2 3 3 25480
432 2 3 3 25410
437 2 3 3 25896
438 2 3 3 32555
439 2 3 3 94192
441 2 3 3 71232
444 2 3 3 10664
446 2 3 3 33264
447 2 3 3 53248
451 2 3 3 79662
452 2 3 3 99498
455 2 3 3 93960
456 2 3 3 58500
457 2 3 3 11076
462 2 3 3 24332
463 2 3 3 86496
467 2 3 3 71656
471 2 3 3 44640
472 2 3 3 14220
476 2 3 3 56856
482 2 3 3 26676
483 2 3 3 85880
484 2 3 3 73206
486 2 3 3 38556
495 2 3 3 46800
500 2 3 3 63318
501 2 3 3 16686
506 2 3 3 68112
511 2 3 3 62000
513 2 3 3 74108
519 2 3 3 89090
525 2 3 3 56862
527 2 3 3 91104
528 2 3 3 62100
531 2 3 3 54945
535 2 3 3 14368
538 2 3 3 98820
540 2 3 3 91680
542 2 3 3 20394
546 2 3 3 33630
553 2 3 3 14550
562 2 3 3 80949
566 2 3 3 22274
568 2 3 3 69160
571 2 3 3 85248
573 2 3 3 32448
574 2 3 3 29468
578 2 3 3 21197
580 2 3 3 53956
583 2 3 3 11470
584 2 3 3 76812
586 2 3 3 15908
587 2 3 3 27522
602 2 3 3 90516
603 2 3 3 19584
605 2 3 3 63936
606 2 3 3 52820
610 2 3 3 40572
611 2 3 3 59727
612 2 3 3 59048
617 2 3 3 67200
621 2 3 3 55647
627 2 3 3 69936
629 2 3 3 70680
632 2 3 3 79025
636 2 3 3 34768
652 2 3 3 70152
657 2 3 3 86320
659 2 3 3 67968
662 2 3 3 42560
663 2 3 3 98406
667 2 3 3 51456
673 2 3 3 45675
676 2 3 3 57816
684 2 3 3 50960
689 2 3 3 68160
693 2 3 3 68640
700 2 3 3 73059
701 2 3 3 93600
703 2 3 3 75088
706 2 3 3 59160
708 2 3 3 86412
709 2 3 3 98536
710 2 3 3 54988
713 2 3 3 19250
723 2 3 3 82176
727 2 3 3 60840
728 2 3 3 60760
730 2 3 3 25536
731 2 3 3 83956
744 2 3 3 19728
750 2 3 3 11400
751 2 3 3 51121
754 2 3 3 24435
755 2 3 3 73332
761 2 3 3 95280
766 2 3 3 49140
768 2 3 3 12804
771 2 3 3 52574
774 2 3 3 23994
775 2 3 3 69936
779 2 3 3 44196
782 2 3 3 22562
783 2 3 3 22184
784 2 3 3 59904
786 2 3 3 24871
789 2 3 3 37440
792 2 3 3 43000
795 2 3 3 31188
798 2 3 3 74925
799 2 3 3 32724
800 2 3 3 27105
803 2 3 3 17982
816 2 3 3 77248
817 2 3 3 51984
819 2 3 3 77805
821 2 3 3 25844
822 2 3 3 73950
823 2 3 3 20724
828 2 3 3 10452
834 2 3 3 35640
837 2 3 3 68786
838 2 3 3 14820
840 2 3 3 48762
846 2 3 3 68208
848 2 3 3 37932
852 2 3 3 34320
853 2 3 3 83235
854 2 3 3 21060
859 2 3 3 70195
861 2 3 3 60660
871 2 3 3 25668
872 2 3 3 47002
875 2 3 3 91884
876 2 3 3 59340
877 2 3 3 68816
882 2 3 3 85666
884 2 3 3 28644
886 2 3 3 20497
890 2 3 3 79464
891 2 3 3 62049
892 2 3 3 50400
893 2 3 3 27888
894 2 3 3 98208
899 2 3 3 13527
901 2 3 3 14151
903 2 3 3 15800
908 2 3 3 83505
917 2 3 3 20034
919 2 3 3 14670
920 2 3 3 40548
929 2 3 3 47912
930 2 3 3 37054
933 2 3 3 34749
943 2 3 3 93132
945 2 3 3 15800
946 2 3 3 27816
947 2 3 3 94284
954 2 3 3 85500
955 2 3 3 30324
956 2 3 3 63724
964 2 3 3 70970
965 2 3 3 64437
967 2 3 3 85608
970 2 3 3 81120
978 2 3 3 19500
989 2 3 3 50160
991 2 3 3 78520
998 2 3 3 34830
1005 2 3 3 53874
1009 2 3 3 31616
1013 2 3 3 84065
1015 2 3 3 57969
1016 2 3 3 59829
1018 2 3 3 96136
1020 2 3 3 66456
1021 2 3 3 49896
1023 2 3 3 68400
1024 2 3 3 40000
1027 2 3 3 83556
1029 2 3 3 29160
1030 2 3 3 51800
1035 2 3 3 10520
1037 2 3 3 85020
1040 2 3 3 23352
1041 2 3 3 17292
1050 2 3 3 30132
1051 2 3 3 14884
1052 2 3 3 41760
1053 2 3 3 14028
1054 2 3 3 75862
1055 2 3 3 84372
1058 2 3 3 53286
1061 2 3 3 24253
1065 2 3 3 95760
1067 2 3 3 54817
1068 2 3 3 70065
1072 2 3 3 18122
1074 2 3 3 10846
1076 2 3 3 45968
1084 2 3 3 84123
1085 2 3 3 93688
1086 2 3 3 61710
1087 2 3 3 73188
1088 2 3 3 15776
1091 2 3 3 11408
1096 2 3 3 33072
1098 2 3 3 57531
1099 2 3 3 73440
1104 2 3 3 46948
1105 2 3 3 17514
1108 2 3 3 79488
1110 2 3 3 24780
1113 2 3 3 51952
1117 2 3 3 17545
1126 2 3 3 61248
1128 2 3 3 17664
1129 2 3 3 28165
1141 2 3 3 39092
1145 2 3 3 15062
1149 2 3 3 81180
1151 2 3 3 64512
1154 2 3 3 50048
1156 2 3 3 30210
1164 2 3 3 29754
1167 2 3 3 20928
1171 2 3 3 57960
1173 2 3 3 78084
1177 2 3 3 59850
1179 2 3 3 15150
1180 2 3 3 43524
1181 2 3 3 47736
1182 2 3 3 12896
1184 2 3 3 18375
1186 2 3 3 69120
1188 2 3 3 86870
1198 2 3 3 74385
1202 2 3 3 65360
1208 2 3 3 82368
1209 2 3 3 65404
1210 2 3 3 35712
1211 2 3 3 21808
1213 2 3 3 30952
1214 2 3 3 27924
1215 2 3 3 16872
1216 2 3 3 18666
1217 2 3 3 10496
1218 2 3 3 53541
1223 2 3 3 32754
1225 2 3 3 65016
1226 2 3 3 59400
1231 2 3 3 99012
1235 2 3 3 59346
1236 2 3 3 36520
1237 2 3 3 22704
1240 2 3 3 23408
1242 2 3 3 76728
1243 2 3 3 75600
1246 2 3 3 11430
1248 2 3 3 96330
1249 2 3 3 57638
1254 2 3 3 25530
1258 2 3 3 56832
1270 2 3 3 96256
1273 2 3 3 80910
1274 2 3 3 35476
1276 2 3 3 51832
1282 2 3 3 41832
1285 2 3 3 80178
1287 2 3 3 50862
1291 2 3 3 18631
1295 2 3 3 76384
1296 2 3 3 55836
1297 2 3 3 64680
1302 2 3 3 14484
1304 2 3 3 57116
1305 2 3 3 72540
1308 2 3 3 46800
1309 2 3 3 18228
1310 2 3 3 27874
1312 2 3 3 45390
1316 2 3 3 51102
1320 2 3 3 44928
1321 2 3 3 32830
1326 2 3 3 65182
1330 2 3 3 84119
1333 2 3 3 24534
1337 2 3 3 83664
1341 2 3 3 93000
1342 2 3 3 19992
1344 2 3 3 72420
1346 2 3 3 67614
1351 2 3 3 92415
1355 2 3 3 37440
1359 2 3 3 18120
1360 2 3 3 61488
1361 2 3 3 59508
1362 2 3 3 37523
1367 2 3 3 89650
1371 2 3 3 68238
1373 2 3 3 14981
1375 2 3 3 33480
1381 2 3 3 27930
1382 2 3 3 60040
1387 2 3 3 11475
1390 2 3 3 85824
1393 2 3 3 21948
1406 2 3 3 94500
1415 2 3 3 95256
1416 2 3 3 86760
1420 2 3 3 14840
1421 2 3 3 80160
1424 2 3 3 64780
1428 2 3 3 36423
1429 2 3 3 45600
1430 2 3 3 91854
1432 2 3 3 51480
1435 2 3 3 72765
1438 2 3 3 10716
1450 2 3 3 10206
1451 2 3 3 15168
1453 2 3 3 30804
1458 2 3 3 32508
1466 2 3 3 22072
1469 2 3 3 57525
1470 2 3 3 99875
1471 2 3 3 46965
1477 2 3 3 97092
1478 2 3 3 25668
1483 2 3 3 78810
1485 2 3 3 25800
1488 2 3 3 82005
1489 2 3 3 59364
1490 2 3 3 47232
1495 2 3 3 51392
1496 2 3 3 94050
1498 2 3 3 82550
1505 2 3 3 46488
1508 2 3 3 81024
1512 2 3 3 66624
1515 2 3 3 14418
1522 2 3 3 88200
1523 2 3 3 67125
1528 2 3 3 72540
1529 2 3 3 56600
1530 2 3 3 83430
1531 2 3 3 82650
1532 2 3 3 33550
1535 2 3 3 51040
1537 2 3 3 44000
1547 2 3 3 12096
1550 2 3 3 17952
1553 2 3 3 61758
1559 2 3 3 68655
1561 2 3 3 93102
1563 2 3 3 77880
1565 2 3 3 28340
1566 2 3 3 86292
1569 2 3 3 70623
1571 2 3 3 73305
1575 2 3 3 80290
1583 2 3 3 10200
1586 2 3 3 44377
1589 2 3 3 73280
1590 2 3 3 89604
1595 2 3 3 93152
1600 2 3 3 85264
1602 2 3 3 90771
1603 2 3 3 34632
1605 2 3 3 80640
1608 2 3 3 46368
1610 2 3 3 60813
1614 2 3 3 48132
1615 2 3 3 37557
1619 2 3 3 16408
1623 2 3 3 76820
1627 2 3 3 16110
1630 2 3 3 42048
1631 2 3 3 33796
1635 2 3 3 31824
1636 2 3 3 18040
1640 2 3 3 84252
1642 2 3 3 10266
1644 2 3 3 37400
1645 2 3 3 43452
1647 2 3 3 14001
1649 2 3 3 24930
1650 2 3 3 68040
1651 2 3 3 47790
1656 2 3 3 83570
1658 2 3 3 21210
1662 2 3 3 11920
1666 2 3 3 53568
1677 2 3 3 88200
1679 2 3 3 83356
1681 2 3 3 53250
1685 2 3 3 75600
1686 2 3 3 34440
1687 2 3 3 17010
1695 2 3 3 94500
1696 2 3 3 64148
1700 2 3 3 23760
1701 2 3 3 43968
1707 2 3 3 37908
1711 2 3 3 10075
1713 2 3 3 72588
1718 2 3 3 93292
1726 2 3 3 94579
1727 2 3 3 16587
1728 2 3 3 23808
1730 2 3 3 79005
1731 2 3 3 20480
1735 2 3 3 15075
1738 2 3 3 60390
1744 2 3 3 52668
1747 2 3 3 15540
1749 2 3 3 55080
1754 2 3 3 53988
1755 2 3 3 76311
1757 2 3 3 65500
1762 2 3 3 63984
1763 2 3 3 60450
1765 2 3 3 29380
1768 2 3 3 42480
1769 2 3 3 45448
1772 2 3 3 26112
1779 2 3 3 92160
1783 2 3 3 62140
1790 2 3 3 68972
1791 2 3 3 51708
1802 2 3 3 11445
1807 2 3 3 16932
1811 2 3 3 10664
1813 2 3 3 13365
1819 2 3 3 30624
1823 2 3 3 81984
1828 2 3 3 66150
1830 2 3 3 29478
1834 2 3 3 78648
1839 2 3 3 71340
1841 2 3 3 93666
1842 2 3 3 37683
1844 2 3 3 63712
1845 2 3 3 15272
1847 2 3 3 33836
1858 2 3 3 53259
1861 2 3 3 76896
1862 2 3 3 25440
1864 2 3 3 49818
1866 2 3 3 96100
1867 2 3 3 58520
1879 2 3 3 91560
1880 2 3 3 64777
1901 2 3 3 55580
1905 2 3 3 80602
1906 2 3 3 99264
1907 2 3 3 13284
1912 2 3 3 74307
1914 2 3 3 81795
1915 2 3 3 95744
1920 2 3 3 25942
1928 2 3 3 18130
1930 2 3 3 63558
1935 2 3 3 65224
1939 2 3 3 61710
1942 2 3 3 53592
1956 2 3 3 20328
1957 2 3 3 51480
1961 2 3 3 90906
1965 2 3 3 57352
1972 2 3 3 59210
1974 2 3 3 22360
1975 2 3 3 15228
1981 2 3 3 95004
1982 2 3 3 54600
1987 2 3 3 35802
1988 2 3 3 42660
1993 2 3 3 47100
1996 2 3 3 68850
1999 2 3 3 44736
2001 2 3 3 22275
2002 2 3 3 26334
2003 2 3 3 52096
2011 2 3 3 56108
2014 2 3 3 43956
2021 2 3 3 26352
2022 2 3 3 11408
2024 2 3 3 13925
2029 2 3 3 76788
2031 2 3 3 47520
2034 2 3 3 78300
2037 2 3 3 18960
2044 2 3 3 95360
2045 2 3 3 84875
2047 2 3 3 72771
2052 2 3 3 18696
2054 2 3 3 81796
2055 2 3 3 89040
2058 2 3 3 86814
2059 2 3 3 63042
2062 2 3 3 44649
2063 2 3 3 67500
2064 2 3 3 16848
2066 2 3 3 40850
2070 2 3 3 28470
2073 2 3 3 40608
2076 2 3 3 40140
2079 2 3 3 86688
2080 2 3 3 62865
2082 2 3 3 88200
2101 2 3 3 22784
2102 2 3 3 66671
2114 2 3 3 89680
2115 2 3 3 94106
2117 2 3 3 61372
2119 2 3 3 13248
2120 2 3 3 59334
2121 2 3 3 53820
2126 2 3 3 54575
2127 2 3 3 47736
2131 2 3 3 73647
2133 2 3 3 13280
2137 2 3 3 70030
2138 2 3 3 87376
2141 2 3 3 74880
2150 2 3 3 78080
2154 2 3 3 60653
2155 2 3 3 88110
2163 2 3 3 56604
2165 2 3 3 59032
2171 2 3 3 83913
2172 2 3 3 72496
2180 2 3 3 52206
2183 2 3 3 66381
2184 2 3 3 30258
2185 2 3 3 76416
2190 2 3 3 63960
2193 2 3 3 62080
2204 2 3 3 46760
2205 2 3 3 58500
2206 2 3 3 71514
2210 2 3 3 16826
2216 2 3 3 99528
2220 2 3 3 67200
2226 2 3 3 13320
2228 2 3 3 14100
2229 2 3 3 55418
2232 2 3 3 93936
2243 2 3 3 67014
2245 2 3 3 15870
2247 2 3 3 99840
2250 2 3 3 97446
2255 2 3 3 78540
2257 2 3 3 22428
2263 2 3 3 21384
2265 2 3 3 87984
2266 2 3 3 24021
2277 2 3 3 50544
2280 2 3 3 12672
2287 2 3 3 57600
2296 2 3 3 76788
2298 2 3 3 22248
2301 2 3 3 92250
2303 2 3 3 57652
2307 2 3 3 43736
2308 2 3 3 14832
2312 2 3 3 76680
2313 2 3 3 24840
2314 2 3 3 27132
2315 2 3 3 33333
2316 2 3 3 44916
2318 2 3 3 89726
2323 2 3 3 75816
2324 2 3 3 96810
2325 2 3 3 16400
2332 2 3 3 77040
2339 2 3 3 40188
2341 2 3 3 53940
2344 2 3 3 44694
2346 2 3 3 60016
2347 2 3 3 28776
2348 2 3 3 34848
2354 2 3 3 34170
2357 2 3 3 60579
2358 2 3 3 53400
2361 2 3 3 27200
2364 2 3 3 87048
2367 2 3 3 73515
2373 2 3 3 36720
2377 2 3 3 50064
2379 2 3 3 11232
2382 2 3 3 71980
2384 2 3 3 48348
2385 2 3 3 96255
2386 2 3 3 96860
2389 2 3 3 28728
2391 2 3 3 83376
2396 2 3 3 10400
2398 2 3 3 47570
2399 2 3 3 95316
2404 2 3 3 42075
2406 2 3 3 39168
2411 2 3 3 91008
2412 2 3 3 16058
2419 2 3 3 11792
2421 2 3 3 66792
2422 2 3 3 14404
2425 2 3 3 16247
2434 2 3 3 67680
2436 2 3 3 20328
2440 2 3 3 54432
2445 2 3 3 64923
2446 2 3 3 40768
2447 2 3 3 53352
2450 2 3 3 16758
2453 2 3 3 25480
2455 2 3 3 30924
2457 2 3 3 43010
2458 2 3 3 23680
2465 2 3 3 65856
2466 2 3 3 90138
2472 2 3 3 95013
2475 2 3 3 17853
2479 2 3 3 25777
2480 2 3 3 22720
2482 2 3 3 22880
2483 2 3 3 42059
2484 2 3 3 77178
2488 2 3 3 76640
2503 2 3 3 39950
2510 2 3 3 64800
2511 2 3 3 47112
2520 2 3 3 73458
2530 2 3 3 22080
2531 2 3 3 34848
2535 2 3 3 47472
2537 2 3 3 36624
2539 2 3 3 20790
2541 2 3 3 50220
2548 2 3 3 83592
2549 2 3 3 93548
2553 2 3 3 60750
2554 2 3 3 52974
2557 2 3 3 99225
2558 2 3 3 99663
2559 2 3 3 46092
2560 2 3 3 79570
2564 2 3 3 58476
2565 2 3 3 38226
2567 2 3 3 54360
2577 2 3 3 57024
2580 2 3 3 38556
2581 2 3 3 50778
2583 2 3 3 10730
2591 2 3 3 29800
2593 2 3 3 88704
2595 2 3 3 53676
2600 2 3 3 99372
2606 2 3 3 13132
2618 2 3 3 25850
2621 2 3 3 12300
2623 2 3 3 17613
2625 2 3 3 26691
2627 2 3 3 31622
2628 2 3 3 33925
2631 2 3 3 95557
2635 2 3 3 39990
2640 2 3 3 40200
2643 2 3 3 18585
2645 2 3 3 24576
2649 2 3 3 93450
2650 2 3 3 75400
2652 2 3 3 88725
2653 2 3 3 76950
2654 2 3 3 26367
2656 2 3 3 35910
2675 2 3 3 94856
2676 2 3 3 93575
2679 2 3 3 16100
2683 2 3 3 14656
2686 2 3 3 55476
2691 2 3 3 87688
2693 2 3 3 33968
2697 2 3 3 81480
2698 2 3 3 58800
2699 2 3 3 54036
2700 2 3 3 61232
2704 2 3 3 25024
2707 2 3 3 88400
2718 2 3 3 13572
2719 2 3 3 69084
2722 2 3 3 53130
2726 2 3 3 72261
2730 2 3 3 40482
2731 2 3 3 61913
2732 2 3 3 56970
2739 2 3 3 45408
2741 2 3 3 94950
2746 2 3 3 60770
2749 2 3 3 67512
2760 2 3 3 13440
2762 2 3 3 91044
2764 2 3 3 10948
2765 2 3 3 43896
2768 2 3 3 73386
2769 2 3 3 22750
2771 2 3 3 10296
2773 2 3 3 72414
2774 2 3 3 79002
2779 2 3 3 33798
2787 2 3 3 40596
2793 2 3 3 26264
2802 2 3 3 14880
2803 2 3 3 15040
2812 2 3 3 38086
2814 2 3 3 68849
2815 2 3 3 18648
2819 2 3 3 70224
2821 2 3 3 66792
2823 2 3 3 42336
2825 2 3 3 16675
2826 2 3 3 19569
2831 2 3 3 65360
2835 2 3 3 26718
2837 2 3 3 10152
2840 2 3 3 88740
2841 2 3 3 45288
2843 2 3 3 50172
2846 2 3 3 56376
2850 2 3 3 25920
2854 2 3 3 93840
2858 2 3 3 54270
2861 2 3 3 58638
2868 2 3 3 85536
2870 2 3 3 62700
2871 2 3 3 30360
2873 2 3 3 33396
2874 2 3 3 70632
2880 2 3 3 42944
2884 2 3 3 25740
2888 2 3 3 19872
2893 2 3 3 27440
2897 2 3 3 21209
2899 2 3 3 82128
2901 2 3 3 40250
2904 2 3 3 91821
2920 2 3 3 10298
2926 2 3 3 30240
2928 2 3 3 63270
2929 2 3 3 13700
2933 2 3 3 12600
2936 2 3 3 13062
2948 2 3 3 71829
2953 2 3 3 38930
2964 2 3 3 91609
2965 2 3 3 28960
2971 2 3 3 48786
2973 2 3 3 10017
2975 2 3 3 78144
2977 2 3 3 79200
2986 2 3 3 26059
2987 2 3 3 80740
2996 2 3 3 14668
3000 2 3 3 64920
3003 2 3 3 56280
3005 2 3 3 60320
3015 2 3 3 73845
3018 2 3 3 50038
3020 2 3 3 38266
3024 2 3 3 23712
3025 2 3 3 30264
3027 2 3 3 14760
3028 2 3 3 60300
3030 2 3 3 36000
3038 2 3 3 75670
3042 2 3 3 71544
3046 2 3 3 99120
3054 2 3 3 56580
3063 2 3 3 95004
3066 2 3 3 68076
3074 2 3 3 19832
3076 2 3 3 61404
3079 2 3 3 17740
3083 2 3 3 73080
3087 2 3 3 12320
3090 2 3 3 33744
3101 2 3 3 96693
3103 2 3 3 18693
3104 2 3 3 83528
3105 2 3 3 58982
3106 2 3 3 71154
3107 2 3 3 59670
3110 2 3 3 21024
3112 2 3 3 25380
3117 2 3 3 60858
3121 2 3 3 35844
3122 2 3 3 34056
3127 2 3 3 33930
3131 2 3 3 76356
3133 2 3 3 10260
3143 2 3 3 63140
3144 2 3 3 17444
3147 2 3 3 39128
3152 2 3 3 18468
3160 2 3 3 97650
3169 2 3 3 17632
3172 2 3 3 32940
3177 2 3 3 87120
3179 2 3 3 73749
3180 2 3 3 97308
3184 2 3 3 50398
3185 2 3 3 16744
3186 2 3 3 57888
3188 2 3 3 31759
3192 2 3 3 12129
3195 2 3 3 64064
3199 2 3 3 15855
3200 2 3 3 64125
3202 2 3 3 95764
3203 2 3 3 11515
3207 2 3 3 76992
3209 2 3 3 93200
3216 2 3 3 80812
3217 2 3 3 58140
3223 2 3 3 12636
3224 2 3 3 17784
3227 2 3 3 19680
3230 2 3 3 94369
3233 2 3 3 99912
3242 2 3 3 72168
3244 2 3 3 15729
3245 2 3 3 93343
3250 2 3 3 45549
3257 2 3 3 47895
3265 2 3 3 59400
3269 2 3 3 44460
3270 2 3 3 46560
3273 2 3 3 18564
3277 2 3 3 10208
3281 2 3 3 57540
3282 2 3 3 32004
3283 2 3 3 51282
3287 2 3 3 89760
3290 2 3 3 67932
3291 2 3 3 40299
3292 2 3 3 43524
3297 2 3 3 35765
3298 2 3 3 32670
3302 2 3 3 15000
3306 2 3 3 38584
3307 2 3 3 49410
3311 2 3 3 34650
3313 2 3 3 68250
3316 2 3 3 12272
3318 2 3 3 74240
3321 2 3 3 48348
3325 2 3 3 60372
3328 2 3 3 57530
3338 2 3 3 16688
3340 2 3 3 15732
3344 2 3 3 77552
3348 2 3 3 19080
3350 2 3 3 59670
3351 2 3 3 86180
3353 2 3 3 43750
3358 2 3 3 67262
3360 2 3 3 67344
3366 2 3 3 29016
3379 2 3 3 39936
3383 2 3 3 94240
3385 2 3 3 70200
3395 2 3 3 48576
3396 2 3 3 82432
3398 2 3 3 61408
3399 2 3 3 75294
3400 2 3 3 12690
3406 2 3 3 27520
3407 2 3 3 68376
3410 2 3 3 48204
3411 2 3 3 31008
3413 2 3 3 40950
3414 2 3 3 35298
3415 2 3 3 20470
3422 2 3 3 15496
3426 2 3 3 80364
3430 2 3 3 31296
3432 2 3 3 12410
3439 2 3 3 37240
3441 2 3 3 29624
3442 2 3 3 78396
3449 2 3 3 42372
3450 2 3 3 48410
3453 2 3 3 97250
3456 2 3 3 76860
3457 2 3 3 64845
3461 2 3 3 25800
3471 2 3 3 80736
3474 2 3 3 89622
3475 2 3 3 43884
3476 2 3 3 21816
3480 2 3 3 74496
3484 2 3 3 77280
3491 2 3 3 21294
3503 2 3 3 62062
3505 2 3 3 48723
3508 2 3 3 99899
3516 2 3 3 67500
3517 2 3 3 52650
3518 2 3 3 24969
3522 2 3 3 79380
3524 2 3 3 49767
3529 2 3 3 18414
3530 2 3 3 78000
3531 2 3 3 92496
3535 2 3 3 45756
3536 2 3 3 27911
3538 2 3 3 41262
3541 2 3 3 22560
3555 2 3 3 74822
3559 2 3 3 64532
3566 2 3 3 82008
3569 2 3 3 45288
3571 2 3 3 24480
3577 2 3 3 41796
3582 2 3 3 59616
3585 2 3 3 36450
3588 2 3 3 49476
3589 2 3 3 12348
3590 2 3 3 41072
3592 2 3 3 41550
3603 2 3 3 15741
3609 2 3 3 13845
3611 2 3 3 78864
3615 2 3 3 97328
3620 2 3 3 33748
3621 2 3 3 29665
3624 2 3 3 92872
3625 2 3 3 82248
3629 2 3 3 49028
3635 2 3 3 21436
3640 2 3 3 97128
3642 2 3 3 16554
3646 2 3 3 80676
3647 2 3 3 43680
3650 2 3 3 69888
3654 2 3 3 35496
3655 2 3 3 77280
3663 2 3 3 13230
3664 2 3 3 45864
3678 2 3 3 84180
3685 2 3 3 12792
3686 2 3 3 71460
3687 2 3 3 56580
3688 2 3 3 23976
3690 2 3 3 42656
3699 2 3 3 84420
3710 2 3 3 12120
3713 2 3 3 42827
3715 2 3 3 25974
3716 2 3 3 21960
3717 2 3 3 61028
3721 2 3 3 31200
3722 2 3 3 40866
3729 2 3 3 90552
3732 2 3 3 96360
3735 2 3 3 56350
3744 2 3 3 26910
3745 2 3 3 83070
3748 2 3 3 69290
3749 2 3 3 91656
3750 2 3 3 33902
3753 2 3 3 43228
3754 2 3 3 11394
3757 2 3 3 57096
3763 2 3 3 12672
3774 2 3 3 29325
3776 2 3 3 21942
3779 2 3 3 28380
3780 2 3 3 47850
3793 2 3 3 63801
3794 2 3 3 81652
3796 2 3 3 33728
3799 2 3 3 55056
3802 2 3 3 58344
3805 2 3 3 88232
3814 2 3 3 32946
3815 2 3 3 32544
3819 2 3 3 30130
3821 2 3 3 30096
3822 2 3 3 58830
3824 2 3 3 79380
3825 2 3 3 54000
3828 2 3 3 70716
3833 2 3 3 17808
3836 2 3 3 39794
3838 2 3 3 29088
3841 2 3 3 14256
3845 2 3 3 74556
3849 2 3 3 63210
3853 2 3 3 83592
3854 2 3 3 75435
3855 2 3 3 68724
3858 2 3 3 72912
3863 2 3 3 12930
3864 2 3 3 16060
3866 2 3 3 39292
3869 2 3 3 62100
3875 2 3 3 69731
3876 2 3 3 82290
3879 2 3 3 85800
3884 2 3 3 93975
3889 2 3 3 82950
3894 2 3 3 40170
3896 2 3 3 73568
3897 2 3 3 22374
3901 2 3 3 19278
3902 2 3 3 69791
3903 2 3 3 90118
3906 2 3 3 55929
3910 2 3 3 66654
3911 2 3 3 12300
3914 2 3 3 14640
3915 2 3 3 74802
3920 2 3 3 61586
3929 2 3 3 28215
3930 2 3 3 36146
3932 2 3 3 65100
3933 2 3 3 76356
3935 2 3 3 10296
3937 2 3 3 11100
3940 2 3 3 71676
3941 2 3 3 18392
3953 2 3 3 94800
3954 2 3 3 83224
3961 2 3 3 61776
3965 2 3 3 10074
3969 2 3 3 61288
3974 2 3 3 26793
3978 2 3 3 43688
3982 2 3 3 65250
3986 2 3 3 32756
3987 2 3 3 90000
3988 2 3 3 18760
3989 2 3 3 10656
3992 2 3 3 53130
3994 2 3 3 99630
3997 2 3 3 19656
4001 2 3 3 30240
4008 2 3 3 81653
4013 2 3 3 18054
4016 2 3 3 94860
4017 2 3 3 15792
4021 2 3 3 81918
4023 2 3 3 43200
4024 2 3 3 76382
4029 2 3 3 38214
4030 2 3 3 12960
4031 2 3 3 61940
4033 2 3 3 78648
4034 2 3 3 54240
4039 2 3 3 26316
4041 2 3 3 67032
4045 2 3 3 56964
4051 2 3 3 82365
4052 2 3 3 64782
4053 2 3 3 81801
4055 2 3 3 72336
4070 2 3 3 24252
4071 2 3 3 58320
4072 2 3 3 52812
4078 2 3 3 93800
4080 2 3 3 87750
4084 2 3 3 51410
4086 2 3 3 48618
4088 2 3 3 73179
4090 2 3 3 18000
4091 2 3 3 70119
4092 2 3 3 45423
4097 2 3 3 81480
4098 2 3 3 65790
4100 2 3 3 81000
4104 2 3 3 81432
4111 2 3 3 82080
4112 2 3 3 13370
4114 2 3 3 74530
4115 2 3 3 74592
4116 2 3 3 70143
4119 2 3 3 16380
4120 2 3 3 38055
4121 2 3 3 70200
4127 2 3 3 29640
4137 2 3 3 42336
4139 2 3 3 77832
4140 2 3 3 40100
4143 2 3 3 12280
4144 2 3 3 99120
4145 2 3 3 36432
4149 2 3 3 50292
4151 2 3 3 72980
4153 2 3 3 74880
4154 2 3 3 28704
4157 2 3 3 39750
4162 2 3 3 24360
4164 2 3 3 18784
4169 2 3 3 12936
4171 2 3 3 10452
4172 2 3 3 41580
4173 2 3 3 15120
4175 2 3 3 26602
4181 2 3 3 75810
4188 2 3 3 65520
4190 2 3 3 98596
4191 2 3 3 78795
4195 2 3 3 42174
4196 2 3 3 85278
4197 2 3 3 67200
4201 2 3 3 78176
4206 2 3 3 41832
4210 2 3 3 10758
4212 2 3 3 49910
4213 2 3 3 19812
4215 2 3 3 75888
4219 2 3 3 67160
4220 2 3 3 63024
4223 2 3 3 10206
4226 2 3 3 18200
4231 2 3 3 42534
4234 2 3 3 55930
4235 2 3 3 15696
4236 2 3 3 54264
4240 2 3 3 63180
4243 2 3 3 43008
4250 2 3 3 66030
4252 2 3 3 70245
4257 2 3 3 84042
4259 2 3 3 81648
4263 2 3 3 55440
4269 2 3 3 10680
4273 2 3 3 99180
4277 2 3 3 87360
4283 2 3 3 31164
4286 2 3 3 87533
4287 2 3 3 47250
4296 2 3 3 19200
4297 2 3 3 71400
4304 2 3 3 89655
4307 2 3 3 16215
4311 2 3 3 70680
4312 2 3 3 15582
4313 2 3 3 20522
4314 2 3 3 16625
4320 2 3 3 12254
4322 2 3 3 65450
4326 2 3 3 86400
4329 2 3 3 91800
4330 2 3 3 41418
4334 2 3 3 95584
4337 2 3 3 84640
4339 2 3 3 92097
4342 2 3 3 54229
4346 2 3 3 93673
4350 2 3 3 98226
4351 2 3 3 41706
4352 2 3 3 69960
4355 2 3 3 59500
4356 2 3 3 25025
4359 2 3 3 56635
4362 2 3 3 78744
4364 2 3 3 42640
4365 2 3 3 37968
4366 2 3 3 64638
4367 2 3 3 41006
4370 2 3 3 57960
4372 2 3 3 59400
4374 2 3 3 34544
4375 2 3 3 30600
4377 2 3 3 47736
4384 2 3 3 34410
4386 2 3 3 63648
4398 2 3 3 31024
4401 2 3 3 32400
4413 2 3 3 37920
4418 2 3 3 12798
4421 2 3 3 18304
4428 2 3 3 83904
4430 2 3 3 25888
4431 2 3 3 13700
4436 2 3 3 67914
4439 2 3 3 15717
4442 2 3 3 75048
4444 2 3 3 25604
4449 2 3 3 10509
4450 2 3 3 82110
4454 2 3 3 26880
4458 2 3 3 40950
4462 2 3 3 18200
4465 2 3 3 71440
4469 2 3 3 31524
4470 2 3 3 37296
4471 2 3 3 28944
4495 2 3 3 25071
4499 2 3 3 11455
4504 2 3 3 72261
4505 2 3 3 49152
4522 2 3 3 35550
4524 2 3 3 41778
4531 2 3 3 25245
4534 2 3 3 68172
4536 2 3 3 84384
4537 2 3 3 48488
4539 2 3 3 75924
4540 2 3 3 47595
4542 2 3 3 24992
4546 2 3 3 35114
4547 2 3 3 86830
4549 2 3 3 92496
4552 2 3 3 51040
4565 2 3 3 65232
4569 2 3 3 87348
4571 2 3 3 52800
4572 2 3 3 29200
4578 2 3 3 28914
4582 2 3 3 40406
4587 2 3 3 16632
4589 2 3 3 55074
4595 2 3 3 99540
4600 2 3 3 11564
4601 2 3 3 68820
4604 2 3 3 11718
4605 2 3 3 73038
4610 2 3 3 41496
4612 2 3 3 32616
4616 2 3 3 60228
4617 2 3 3 18285
4620 2 3 3 10564
4622 2 3 3 83018
4623 2 3 3 23904
4630 2 3 3 25276
4631 2 3 3 68295
4634 2 3 3 40602
4635 2 3 3 79002
4636 2 3 3 64155
4644 2 3 3 60342
4647 2 3 3 49995
4649 2 3 3 61712
4650 2 3 3 79605
4653 2 3 3 69056
4655 2 3 3 66240
4656 2 3 3 59078
4658 2 3 3 69978
4665 2 3 3 19880
4668 2 3 3 91793
4673 2 3 3 84203
4675 2 3 3 54832
4677 2 3 3 23244
4689 2 3 3 33880
4691 2 3 3 39664
4694 2 3 3 64930
4698 2 3 3 47520
4703 2 3 3 90628
4707 2 3 3 13440
4716 2 3 3 45144
4720 2 3 3 57640
4722 2 3 3 83210
4733 2 3 3 23600
4735 2 3 3 35496
4741 2 3 3 66960
4745 2 3 3 41440
4746 2 3 3 97836
4749 2 3 3 70620
4750 2 3 3 52992
4753 2 3 3 54492
4758 2 3 3 54480
4761 2 3 3 98820
4769 2 3 3 80712
4772 2 3 3 83520
4773 2 3 3 10471
4783 2 3 3 13248
4784 2 3 3 19872
4786 2 3 3 87724
4794 2 3 3 20068
4796 2 3 3 10800
4797 2 3 3 43164
4799 2 3 3 38350
4812 2 3 3 24696
4813 2 3 3 38054
4818 2 3 3 34596
4819 2 3 3 14100
4825 2 3 3 99792
4827 2 3 3 33089
4829 2 3 3 35424
4832 2 3 3 72954
4833 2 3 3 11172
4835 2 3 3 28440
4838 2 3 3 45024
4844 2 3 3 22100
4849 2 3 3 11220
4850 2 3 3 67200
4857 2 3 3 39798
4862 2 3 3 88150
4863 2 3 3 68272
4876 2 3 3 43104
4877 2 3 3 17888
4885 2 3 3 36036
4886 2 3 3 13120
4887 2 3 3 67160
4898 2 3 3 48720
4899 2 3 3 50445
4906 2 3 3 86436
4909 2 3 3 21648
4910 2 3 3 13992
4911 2 3 3 22160
4913 2 3 3 34128
4914 2 3 3 58608
4919 2 3 3 24769
4921 2 3 3 39169
4932 2 3 3 20988
4937 2 3 3 86520
4938 2 3 3 61632
4939 2 3 3 64584
4940 2 3 3 62176
4941 2 3 3 33012
4945 2 3 3 66792
4953 2 3 3 26505
4956 2 3 3 66816
4960 2 3 3 64890
4961 2 3 3 79677
4965 2 3 3 89550
4967 2 3 3 11760
4970 2 3 3 31476
4971 2 3 3 76718
4972 2 3 3 14413
4973 2 3 3 75900
4976 2 3 3 55428
4978 2 3 3 45600
4983 2 3 3 18200
4987 2 3 3 29484
4991 2 3 3 12180
4994 2 3 3 78300
4998 2 3 3 92778
5001 2 3 3 96228
5003 2 3 3 93886
5006 2 3 3 87912
5008 2 3 3 28032
5009 2 3 3 36720
5014 2 3 3 22680
5017 2 3 3 83226
5019 2 3 3 28135
5022 2 3 3 63246
5030 2 3 3 91520
5031 2 3 3 56416
5032 2 3 3 57200
5034 2 3 3 32032
5035 2 3 3 98406
5037 2 3 3 23424
5040 2 3 3 94116
5043 2 3 3 25704
5044 2 3 3 38640
5051 2 3 3 89908
5055 2 3 3 60750
5057 2 3 3 68992
5058 2 3 3 16720
5063 2 3 3 49764
5067 2 3 3 12104
5069 2 3 3 66624
5070 2 3 3 69984
5074 2 3 3 17701
5081 2 3 3 73152
5083 2 3 3 23250
5086 2 3 3 73279
5095 2 3 3 73755
5098 2 3 3 83928
5100 2 3 3 16236
5101 2 3 3 25200
5102 2 3 3 43380
5104 2 3 3 10530
5108 2 3 3 82176
5113 2 3 3 52398
5114 2 3 3 46440
5116 2 3 3 34500
5119 2 3 3 69000
5121 2 3 3 14592
5123 2 3 3 18144
5124 2 3 3 18240
5130 2 3 3 72504
5138 2 3 3 96048
5143 2 3 3 43078
5145 2 3 3 56496
5148 2 3 3 63404
5157 2 3 3 52026
5164 2 3 3 21480
5167 2 3 3 43845
5173 2 3 3 72800
5174 2 3 3 18960
5175 2 3 3 61070
5181 2 3 3 28260
5185 2 3 3 80250
5186 2 3 3 40239
5188 2 3 3 93588
5189 2 3 3 95404
5192 2 3 3 68256
5197 2 3 3 60928
5200 2 3 3 37146
5204 2 3 3 44688
5205 2 3 3 17082
5206 2 3 3 10730
5209 2 3 3 14472
5210 2 3 3 73830
5211 2 3 3 13344
5212 2 3 3 87174
5213 2 3 3 92916
5215 2 3 3 47988
5217 2 3 3 49728
5218 2 3 3 34560
5231 2 3 3 75040
5232 2 3 3 41022
5243 2 3 3 19470
5248 2 3 3 27260
5253 2 3 3 60092
5254 2 3 3 30888
5257 2 3 3 84360
5258 2 3 3 40449
5262 2 3 3 64800
5265 2 3 3 11270
5266 2 3 3 93119
5267 2 3 3 58190
5269 2 3 3 55180
5271 2 3 3 45840
5272 2 3 3 58320
5274 2 3 3 42864
5275 2 3 3 16380
5277 2 3 3 57810
5278 2 3 3 69984
5280 2 3 3 55024
5285 2 3 3 72864
5291 2 3 3 73684
5295 2 3 3 78960
5298 2 3 3 74052
5301 2 3 3 54240
5305 2 3 3 44160
5306 2 3 3 88404
5314 2 3 3 63366
5317 2 3 3 14514
5319 2 3 3 23184
5323 2 3 3 87696
5324 2 3 3 52662
5327 2 3 3 44109
5330 2 3 3 27030
5339 2 3 3 19404
5345 2 3 3 10752
5346 2 3 3 91200
5351 2 3 3 13025
5357 2 3 3 16434
5358 2 3 3 12720
5375 2 3 3 93310
5377 2 3 3 59630
5378 2 3 3 45924
5383 2 3 3 46020
5389 2 3 3 17088
5393 2 3 3 53530
5394 2 3 3 44436
5400 2 3 3 39424
5403 2 3 3 58056
5407 2 3 3 35625
5408 2 3 3 54060
5410 2 3 3 39600
5414 2 3 3 57096
5417 2 3 3 50397
5418 2 3 3 41785
5425 2 3 3 70666
5426 2 3 3 63308
5427 2 3 3 69930
5429 2 3 3 49023
5430 2 3 3 48208
5432 2 3 3 70664
5433 2 3 3 92736
5434 2 3 3 92728
5439 2 3 3 44175
5442 2 3 3 73480
5443 2 3 3 35882
5445 2 3 3 43200
5446 2 3 3 42282
5447 2 3 3 26196
5452 2 3 3 60822
5457 2 3 3 52734
5458 2 3 3 89040
5460 2 3 3 10275
5461 2 3 3 11060
5463 2 3 3 55420
5464 2 3 3 44631
5471 2 3 3 11220
5475 2 3 3 33768
5479 2 3 3 95764
5482 2 3 3 99990
5484 2 3 3 66960
5487 2 3 3 93840
5489 2 3 3 96192
5490 2 3 3 88308
5494 2 3 3 62832
5495 2 3 3 45315
5496 2 3 3 14442
5497 2 3 3 27000
5498 2 3 3 83538
5499 2 3 3 98280
5505 2 3 3 49105
5506 2 3 3 14006
5507 2 3 3 64320
5509 2 3 3 46640
5510 2 3 3 82944
5511 2 3 3 21216
5513 2 3 3 12788
5517 2 3 3 49256
5518 2 3 3 82600
5520 2 3 3 43851
5521 2 3 3 90592
5524 2 3 3 76272
5526 2 3 3 10074
5527 2 3 3 59496
5530 2 3 3 65750
5533 2 3 3 38390
5536 2 3 3 39984
5537 2 3 3 37412
5540 2 3 3 24852
5545 2 3 3 96512
5549 2 3 3 91324
5550 2 3 3 14696
5557 2 3 3 53808
5562 2 3 3 32032
5564 2 3 3 33274
5567 2 3 3 15387
5569 2 3 3 30996
5576 2 3 3 56784
5577 2 3 3 80029
5584 2 3 3 25988
5591 2 3 3 94248
5594 2 3 3 29592
5597 2 3 3 31416
5602 2 3 3 75620
5603 2 3 3 12915
5605 2 3 3 37347
5606 2 3 3 35595
5608 2 3 3 52507
5612 2 3 3 53760
5614 2 3 3 50000
5616 2 3 3 19845
5621 2 3 3 35136
5623 2 3 3 48140
5627 2 3 3 63612
5634 2 3 3 84960
5639 2 3 3 41616
5645 2 3 3 26445
5646 2 3 3 91200
5650 2 3 3 68904
5654 2 3 3 11130
5656 2 3 3 26680
5657 2 3 3 85877
5664 2 3 3 50490
5668 2 3 3 61344
5669 2 3 3 30876
5673 2 3 3 87344
5678 2 3 3 59430
5683 2 3 3 28305
5684 2 3 3 35226
5686 2 3 3 41184
5688 2 3 3 87042
5689 2 3 3 59768
5690 2 3 3 22914
5691 2 3 3 93436
5694 2 3 3 34485
5695 2 3 3 99000
5698 2 3 3 28587
5699 2 3 3 70680
5703 2 3 3 97650
5706 2 3 3 59760
5707 2 3 3 96119
5710 2 3 3 94528
5713 2 3 3 43955
5715 2 3 3 18525
5716 2 3 3 82038
5718 2 3 3 10086
5721 2 3 3 37080
5723 2 3 3 15680
5724 2 3 3 51883
5731 2 3 3 33330
5735 2 3 3 23750
5741 2 3 3 24320
5746 2 3 3 67100
5750 2 3 3 51870
5751 2 3 3 17820
5752 2 3 3 16450
5755 2 3 3 66976
5756 2 3 3 45974
5757 2 3 3 82215
5760 2 3 3 65072
5763 2 3 3 48642
5767 2 3 3 45698
5768 2 3 3 60143
5771 2 3 3 36080
5772 2 3 3 44460
5774 2 3 3 48645
5775 2 3 3 23353
5777 2 3 3 91608
5787 2 3 3 56604
5788 2 3 3 34194
5793 2 3 3 73125
5797 2 3 3 28272
5803 2 3 3 48246
5806 2 3 3 37576
5809 2 3 3 98172
5811 2 3 3 79728
5812 2 3 3 21156
5816 2 3 3 11780
5817 2 3 3 11932
5823 2 3 3 51636
5826 2 3 3 74700
5834 2 3 3 25404
5838 2 3 3 12960
5860 2 3 3 64872
5861 2 3 3 10972
5864 2 3 3 64032
5865 2 3 3 38969
5868 2 3 3 86721
5869 2 3 3 25080
5871 2 3 3 65664
5872 2 3 3 70584
5874 2 3 3 38920
5877 2 3 3 21240
5881 2 3 3 18450
5883 2 3 3 24930
5884 2 3 3 45432
5891 2 3 3 78430
5895 2 3 3 11275
5900 2 3 3 89298
5901 2 3 3 22101
5903 2 3 3 71514
5906 2 3 3 68800
5908 2 3 3 73200
5911 2 3 3 86100
5912 2 3 3 74400
5913 2 3 3 78540
5915 2 3 3 31960
5917 2 3 3 72912
5924 2 3 3 26085
5925 2 3 3 15750
5927 2 3 3 11104
5928 2 3 3 23680
5929 2 3 3 40082
5930 2 3 3 87398
5935 2 3 3 98464
5938 2 3 3 42228
5940 2 3 3 77928
5943 2 3 3 86721
5947 2 3 3 10975
5948 2 3 3 93312
5955 2 3 3 30744
5963 2 3 3 28728
5969 2 3 3 35445
5974 2 3 3 56628
5975 2 3 3 12654
5981 2 3 3 59064
5984 2 3 3 30100
5989 2 3 3 20724
5995 2 3 3 14430
5999 2 3 3 20992
6000 2 3 3 51984
6002 2 3 3 82516
6006 2 3 3 56066
6014 2 3 3 43056
6016 2 3 3 91104
6019 2 3 3 14445
6024 2 3 3 98208
6026 2 3 3 92455
6027 2 3 3 59808
6031 2 3 3 92576
6032 2 3 3 44544
6033 2 3 3 13716
6036 2 3 3 86856
6038 2 3 3 14868
6043 2 3 3 48192
6045 2 3 3 68992
6047 2 3 3 32508
6052 2 3 3 11160
6057 2 3 3 64260
6059 2 3 3 70959
6063 2 3 3 22703
6065 2 3 3 98808
6068 2 3 3 65988
6076 2 3 3 74052
6081 2 3 3 94554
6083 2 3 3 30030
6087 2 3 3 51300
6090 2 3 3 70080
6091 2 3 3 66585
6095 2 3 3 79116
6105 2 3 3 43230
6106 2 3 3 57255
6107 2 3 3 54900
6108 2 3 3 23622
6112 2 3 3 48900
6117 2 3 3 96930
6121 2 3 3 69300
6122 2 3 3 40320
6124 2 3 3 83232
6136 2 3 3 44690
6141 2 3 3 93258
6142 2 3 3 62416
6151 2 3 3 83952
6158 2 3 3 32760
6162 2 3 3 43200
6167 2 3 3 94132
6168 2 3 3 23936
6170 2 3 3 39648
6177 2 3 3 41580
6178 2 3 3 38556
6180 2 3 3 88770
6184 2 3 3 37442
6185 2 3 3 59946
6192 2 3 3 20536
6194 2 3 3 31920
6195 2 3 3 75101
6198 2 3 3 90048
6201 2 3 3 45080
6203 2 3 3 78064
6205 2 3 3 87048
6206 2 3 3 77760
6213 2 3 3 83956
6214 2 3 3 97200
6216 2 3 3 36660
6223 2 3 3 69840
6228 2 3 3 48224
6233 2 3 3 78861
6238 2 3 3 31584
6243 2 3 3 52644
6244 2 3 3 70992
6246 2 3 3 96928
6247 2 3 3 93728
6253 2 3 3 29400
6257 2 3 3 41760
6261 2 3 3 61070
6265 2 3 3 87024
6271 2 3 3 91520
6291 2 3 3 75768
6294 2 3 3 20768
6297 2 3 3 94355
6302 2 3 3 48620
6304 2 3 3 32165
6305 2 3 3 95872
6309 2 3 3 68134
6311 2 3 3 82010
6319 2 3 3 78183
6321 2 3 3 29484
6322 2 3 3 40120
6324 2 3 3 75072
6328 2 3 3 61776
6330 2 3 3 60270
6332 2 3 3 77880
6333 2 3 3 68400
6339 2 3 3 44312
6341 2 3 3 97572
6344 2 3 3 54230
6346 2 3 3 34364
6348 2 3 3 98040
6349 2 3 3 40704
6353 2 3 3 35668
6358 2 3 3 90932
6359 2 3 3 77700
6367 2 3 3 46001
6368 2 3 3 27054
6369 2 3 3 82940
6371 2 3 3 94579
6373 2 3 3 52416
6375 2 3 3 81984
6383 2 3 3 53669
6385 2 3 3 35025
6392 2 3 3 46191
6393 2 3 3 60672
6399 2 3 3 21844
6400 2 3 3 94068
6401 2 3 3 62196
6404 2 3 3 32640
6410 2 3 3 28800
6414 2 3 3 65758
6422 2 3 3 20361
6424 2 3 3 43710
6425 2 3 3 58752
6431 2 3 3 55384
6432 2 3 3 52650
6433 2 3 3 59853
6436 2 3 3 61740
6443 2 3 3 96304
6452 2 3 3 73006
6459 2 3 3 55584
6463 2 3 3 53599
6465 2 3 3 86548
6468 2 3 3 27168
6472 2 3 3 50850
6474 2 3 3 75640
6475 2 3 3 44892
6476 2 3 3 38760
6477 2 3 3 23140
6483 2 3 3 89470
6488 2 3 3 68328
6492 2 3 3 39744
6503 2 3 3 54150
6507 2 3 3 51528
6517 2 3 3 38250
6519 2 3 3 44988
6520 2 3 3 41000
6522 2 3 3 90852
6523 2 3 3 28728
6524 2 3 3 48848
6527 2 3 3 24400
6532 2 3 3 68800
6535 2 3 3 61200
6537 2 3 3 66405
6538 2 3 3 50264
6540 2 3 3 86478
6542 2 3 3 93720
6547 2 3 3 73367
6553 2 3 3 38410
6554 2 3 3 48450
6556 2 3 3 62288
6557 2 3 3 71214
6559 2 3 3 83520
6561 2 3 3 85008
6569 2 3 3 59778
6586 2 3 3 43722
6587 2 3 3 62073
6588 2 3 3 37280
6590 2 3 3 43164
6592 2 3 3 35280
6593 2 3 3 20658
6596 2 3 3 69520
6607 2 3 3 70992
6608 2 3 3 66080
6617 2 3 3 91428
6619 2 3 3 74844
6620 2 3 3 51156
6625 2 3 3 43488
6630 2 3 3 60828
6631 2 3 3 73872
6634 2 3 3 43680
6640 2 3 3 35520
6642 2 3 3 94112
6645 2 3 3 85500
6646 2 3 3 28994
6649 2 3 3 58032
6650 2 3 3 40608
6655 2 3 3 21336
6660 2 3 3 41580
6662 2 3 3 33480
6666 2 3 3 62329
6673 2 3 3 91665
6684 2 3 3 26240
6686 2 3 3 68310
6688 2 3 3 24650
6689 2 3 3 37434
6696 2 3 3 60792
6702 2 3 3 96174
6704 2 3 3 61915
6707 2 3 3 59200
6709 2 3 3 29986
6710 2 3 3 31776
6715 2 3 3 55848
6722 2 3 3 70380
6736 2 3 3 24440
6738 2 3 3 25863
6740 2 3 3 70224
6747 2 3 3 24192
6757 2 3 3 30012
6758 2 3 3 85680
6763 2 3 3 20125
6765 2 3 3 75645
6766 2 3 3 72216
6776 2 3 3 37506
6781 2 3 3 47124
6785 2 3 3 29862
6788 2 3 3 66700
6789 2 3 3 20400
6794 2 3 3 60630
6797 2 3 3 65952
6810 2 3 3 42408
6813 2 3 3 21526
6814 2 3 3 83400
6815 2 3 3 59356
6817 2 3 3 21513
6818 2 3 3 47998
6820 2 3 3 79920
6833 2 3 3 29484
6836 2 3 3 25947
6839 2 3 3 43056
6842 2 3 3 95944
6845 2 3 3 86052
6849 2 3 3 67716
6850 2 3 3 68700
6857 2 3 3 98512
6859 2 3 3 25074
6860 2 3 3 47232
6861 2 3 3 75144
6865 2 3 3 42380
6868 2 3 3 28821
6869 2 3 3 65610
6872 2 3 3 56388
6875 2 3 3 47709
6876 2 3 3 99912
6879 2 3 3 40468
6880 2 3 3 27225
6885 2 3 3 20010
6890 2 3 3 57304
6891 2 3 3 86450
6896 2 3 3 88740
6899 2 3 3 49842
6900 2 3 3 69550
6901 2 3 3 51360
6903 2 3 3 99736
6905 2 3 3 46200
6915 2 3 3 87420
6923 2 3 3 46800
6925 2 3 3 91908
6930 2 3 3 29992
6934 2 3 3 33495
6936 2 3 3 77760
6937 2 3 3 91264
6940 2 3 3 53152
6943 2 3 3 59898
6945 2 3 3 39270
6957 2 3 3 34983
6960 2 3 3 65408
6974 2 3 3 57596
6975 2 3 3 67095
6978 2 3 3 76956
6982 2 3 3 91104
6983 2 3 3 41181
6986 2 3 3 46355
6989 2 3 3 98192
6991 2 3 3 28336
6997 2 3 3 41472
6999 2 3 3 89559
7002 2 3 3 77000
7006 2 3 3 71632
7007 2 3 3 98340
7010 2 3 3 44352
7021 2 3 3 27060
7024 2 3 3 96086
7025 2 3 3 70975
7029 2 3 3 50673
7034 2 3 3 29176
7035 2 3 3 98100
7037 2 3 3 30411
7039 2 3 3 50960
7045 2 3 3 63960
7051 2 3 3 24165
7052 2 3 3 37440
7055 2 3 3 67304
7056 2 3 3 56160
7058 2 3 3 63720
7069 2 3 3 89607
7081 2 3 3 56780
7091 2 3 3 56283
7098 2 3 3 41808
7099 2 3 3 90816
7101 2 3 3 66600
7104 2 3 3 60390
7106 2 3 3 84000
7107 2 3 3 74844
7123 2 3 3 51408
7125 2 3 3 64242
7126 2 3 3 57486
7127 2 3 3 86840
7132 2 3 3 59520
7136 2 3 3 94672
7138 2 3 3 99666
7139 2 3 3 37290
7144 2 3 3 71565
7148 2 3 3 62415
7158 2 3 3 25839
7160 2 3 3 43776
7161 2 3 3 30956
7165 2 3 3 38896
7166 2 3 3 42700
7170 2 3 3 57925
7181 2 3 3 24453
7183 2 3 3 64640
7190 2 3 3 58968
7194 2 3 3 86612
7199 2 3 3 58824
7206 2 3 3 70110
7208 2 3 3 35133
7216 2 3 3 43956
7224 2 3 3 76200
7226 2 3 3 64935
7233 2 3 3 65001
7235 2 3 3 35640
7241 2 3 3 29808
7242 2 3 3 24966
7247 2 3 3 91872
7249 2 3 3 86184
7250 2 3 3 30552
7257 2 3 3 89102
7261 2 3 3 50400
7264 2 3 3 88724
7268 2 3 3 42672
7270 2 3 3 97944
7271 2 3 3 52490
7274 2 3 3 50232
7281 2 3 3 31494
7290 2 3 3 63427
7291 2 3 3 90024
7292 2 3 3 23056
7293 2 3 3 89142
7299 2 3 3 20682
7300 2 3 3 65520
7304 2 3 3 35604
7310 2 3 3 97005
7313 2 3 3 73485
7318 2 3 3 55104
7328 2 3 3 75952
7329 2 3 3 31654
7330 2 3 3 78210
7333 2 3 3 25500
7334 2 3 3 48576
7339 2 3 3 51520
7340 2 3 3 29520
7344 2 3 3 57304
7357 2 3 3 93600
7360 2 3 3 79488
7365 2 3 3 85166
7368 2 3 3 30744
7371 2 3 3 28197
7376 2 3 3 75168
7379 2 3 3 32580
7382 2 3 3 61370
7384 2 3 3 39156
7400 2 3 3 83032
7409 2 3 3 24552
7410 2 3 3 87120
7411 2 3 3 65340
7412 2 3 3 70632
7413 2 3 3 75030
7419 2 3 3 91290
7423 2 3 3 50864
7428 2 3 3 95795
7430 2 3 3 40866
7434 2 3 3 61060
7437 2 3 3 34580
7455 2 3 3 63420
7456 2 3 3 92224
7462 2 3 3 62160
7464 2 3 3 31395
7467 2 3 3 83904
7472 2 3 3 29790
7474 2 3 3 95325
7475 2 3 3 83504
7476 2 3 3 60075
7482 2 3 3 95282
7494 2 3 3 51516
7495 2 3 3 83440
7497 2 3 3 33712
7499 2 3 3 89625
7502 2 3 3 77616
7506 2 3 3 24156
7507 2 3 3 82717
7512 2 3 3 72600
7517 2 3 3 75936
7519 2 3 3 35427
7521 2 3 3 54036
7525 2 3 3 34240
7526 2 3 3 65760
7531 2 3 3 93912
7532 2 3 3 43090
7534 2 3 3 61566
7538 2 3 3 98294
7546 2 3 3 98100
7547 2 3 3 63492
7558 2 3 3 95400
7559 2 3 3 69632
7566 2 3 3 77588
7567 2 3 3 92718
7572 2 3 3 46746
7576 2 3 3 57392
7581 2 3 3 94284
7589 2 3 3 64008
7592 2 3 3 49950
7593 2 3 3 63516
7602 2 3 3 23056
7604 2 3 3 40341
7606 2 3 3 94023
7607 2 3 3 60120
7609 2 3 3 32544
7612 2 3 3 26784
7616 2 3 3 65340
7617 2 3 3 23268
7618 2 3 3 43392
7622 2 3 3 93930
7625 2 3 3 26197
7626 2 3 3 63933
7637 2 3 3 31464
7640 2 3 3 93465
7643 2 3 3 71820
7647 2 3 3 78792
7648 2 3 3 34188
7654 2 3 3 96480
7655 2 3 3 84194
7656 2 3 3 28231
7663 2 3 3 40932
7669 2 3 3 58916
7674 2 3 3 50616
7685 2 3 3 24309
7686 2 3 3 42471
7687 2 3 3 38220
7690 2 3 3 89846
7697 2 3 3 55390
7704 2 3 3 29588
7708 2 3 3 48500
7709 2 3 3 60384
7715 2 3 3 83733
7720 2 3 3 84600
7731 2 3 3 22646
7734 2 3 3 56088
7735 2 3 3 56160
7739 2 3 3 22149
7740 2 3 3 65569
7751 2 3 3 35112
7753 2 3 3 94094
7758 2 3 3 73530
7761 2 3 3 89100
7762 2 3 3 51900
7764 2 3 3 50550
7768 2 3 3 23460
7771 2 3 3 47124
7773 2 3 3 30996
7781 2 3 3 74328
7784 2 3 3 56832
7793 2 3 3 81744
7797 2 3 3 92064
7805 2 3 3 22504
7806 2 3 3 58968
7812 2 3 3 38186
7815 2 3 3 76128
7819 2 3 3 44280
7821 2 3 3 49686
7826 2 3 3 86800
7827 2 3 3 64896
7832 2 3 3 81196
7837 2 3 3 54648
7840 2 3 3 60102
7845 2 3 3 31086
7852 2 3 3 64614
7858 2 3 3 95719
7859 2 3 3 22680
7860 2 3 3 96693
7863 2 3 3 52728
7871 2 3 3 59796
7873 2 3 3 59220
7879 2 3 3 31951
7881 2 3 3 34808
7885 2 3 3 89460
7888 2 3 3 50362
7889 2 3 3 40486
7890 2 3 3 80070
7894 2 3 3 50876
7895 2 3 3 44268
7902 2 3 3 47300
7905 2 3 3 75958
7916 2 3 3 50964
7917 2 3 3 70200
7919 2 3 3 82140
7920 2 3 3 58672
7922 2 3 3 77256
7923 2 3 3 58295
7925 2 3 3 84096
7934 2 3 3 91728
7944 2 3 3 28050
7947 2 3 3 90312
7952 2 3 3 39694
7953 2 3 3 89700
7954 2 3 3 86328
7958 2 3 3 21645
7960 2 3 3 32994
7962 2 3 3 55245
7967 2 3 3 77104
7973 2 3 3 43512
7978 2 3 3 72168
7982 2 3 3 67716
7993 2 3 3 77088
7995 2 3 3 60320
7996 2 3 3 84060
7999 2 3 3 72186
8000 2 3 3 67164
8011 2 3 3 72512
8015 2 3 3 58400
8018 2 3 3 68352
8020 2 3 3 65520
8022 2 3 3 67521
8025 2 3 3 95742
8028 2 3 3 86436
8033 2 3 3 72420
8050 2 3 3 39663
8051 2 3 3 48870
8052 2 3 3 60216
8058 2 3 3 77988
8061 2 3 3 34048
8064 2 3 3 21584
8067 2 3 3 79520
8079 2 3 3 25812
8089 2 3 3 22196
8098 2 3 3 92382
8100 2 3 3 38703
8101 2 3 3 21500
8105 2 3 3 93744
8108 2 3 3 38430
8113 2 3 3 22066
8125 2 3 3 36414
8129 2 3 3 48300
8135 2 3 3 34017
8153 2 3 3 68400
8156 2 3 3 58320
8163 2 3 3 23808
8168 2 3 3 70097
8183 2 3 3 77280
8199 2 3 3 40392
8200 2 3 3 52032
8202 2 3 3 45696
8206 2 3 3 78570
8212 2 3 3 61548
8215 2 3 3 24320
8217 2 3 3 27552
8218 2 3 3 29568
8219 2 3 3 30000
8221 2 3 3 91050
8223 2 3 3 23520
8225 2 3 3 45760
8229 2 3 3 84960
8230 2 3 3 90972
8231 2 3 3 81280
8234 2 3 3 54020
8237 2 3 3 20580
8239 2 3 3 90472
8245 2 3 3 53508
8252 2 3 3 43146
8262 2 3 3 22920
8265 2 3 3 80002
8266 2 3 3 60690
8268 2 3 3 27621
8275 2 3 3 73352
8276 2 3 3 82061
8278 2 3 3 64184
8284 2 3 3 60060
8285 2 3 3 97455
8288 2 3 3 59904
8290 2 3 3 38060
8293 2 3 3 27797
8304 2 3 3 25200
8305 2 3 3 33072
8308 2 3 3 80154
8311 2 3 3 59911
8313 2 3 3 43030
8318 2 3 3 66024
8319 2 3 3 46168
8320 2 3 3 69888
8323 2 3 3 47232
8326 2 3 3 89760
8328 2 3 3 55304
8332 2 3 3 49731
8336 2 3 3 51968
8338 2 3 3 87936
8343 2 3 3 37318
8347 2 3 3 90090
8353 2 3 3 26832
8363 2 3 3 26715
8365 2 3 3 97600
8372 2 3 3 68005
8374 2 3 3 55272
8378 2 3 3 71568
8382 2 3 3 33654
8389 2 3 3 96096
8390 2 3 3 52452
8392 2 3 3 20996
8394 2 3 3 31302
8395 2 3 3 51810
8396 2 3 3 87759
8399 2 3 3 64232
8401 2 3 3 40698
8402 2 3 3 96200
8406 2 3 3 90138
8424 2 3 3 50018
8431 2 3 3 72802
8435 2 3 3 73032
8436 2 3 3 72660
8439 2 3 3 53866
8446 2 3 3 59840
8447 2 3 3 71424
8448 2 3 3 49173
8449 2 3 3 50055
8451 2 3 3 31500
8452 2 3 3 60320
8457 2 3 3 68058
8460 2 3 3 59136
8467 2 3 3 29546
8473 2 3 3 46004
8475 2 3 3 43316
8477 2 3 3 89400
8480 2 3 3 29500
8482 2 3 3 62192
8485 2 3 3 71808
8488 2 3 3 81096
8489 2 3 3 53704
8493 2 3 3 59832
8502 2 3 3 30007
8504 2 3 3 96288
8508 2 3 3 67512
8510 2 3 3 35880
8516 2 3 3 39780
8518 2 3 3 24840
8525 2 3 3 82824
8526 2 3 3 72760
8536 2 3 3 94116
8540 2 3 3 64800
8541 2 3 3 97370
8552 2 3 3 68850
8554 2 3 3 73305
8555 2 3 3 39990
8560 2 3 3 32712
8561 2 3 3 45765
8562 2 3 3 63474
8563 2 3 3 96384
8564 2 3 3 35568
8566 2 3 3 72576
8567 2 3 3 75012
8568 2 3 3 53932
8575 2 3 3 30846
8578 2 3 3 85164
8582 2 3 3 23940
8591 2 3 3 66424
8594 2 3 3 54096
8595 2 3 3 46320
8598 2 3 3 26159
8604 2 3 3 26320
8625 2 3 3 21630
8628 2 3 3 32915
8631 2 3 3 60928
8638 2 3 3 93024
8641 2 3 3 53613
8643 2 3 3 36580
8648 2 3 3 72645
8650 2 3 3 86625
8652 2 3 3 73278
8654 2 3 3 92073
8660 2 3 3 82800
8666 2 3 3 76096
8667 2 3 3 39360
8671 2 3 3 30597
8674 2 3 3 60391
8677 2 3 3 99588
8678 2 3 3 47124
8680 2 3 3 81576
8681 2 3 3 60420
8684 2 3 3 45030
8706 2 3 3 88040
8707 2 3 3 21888
8710 2 3 3 45640
8712 2 3 3 46754
8713 2 3 3 98880
8715 2 3 3 95400
8718 2 3 3 93960
8725 2 3 3 35910
8727 2 3 3 59616
8729 2 3 3 76140
8732 2 3 3 55328
8734 2 3 3 52000
8741 2 3 3 76042
8742 2 3 3 75465
8746 2 3 3 89640
8761 2 3 3 98448
8773 2 3 3 97290
8774 2 3 3 90951
8775 2 3 3 31302
8781 2 3 3 47895
8783 2 3 3 72930
8789 2 3 3 72864
8791 2 3 3 56564
8796 2 3 3 44114
8804 2 3 3 44928
8807 2 3 3 68530
8809 2 3 3 62192
8810 2 3 3 84960
8811 2 3 3 78912
8824 2 3 3 72420
8825 2 3 3 86480
8826 2 3 3 49780
8828 2 3 3 53124
8831 2 3 3 67392
8836 2 3 3 62244
8837 2 3 3 37120
8844 2 3 3 56448
8846 2 3 3 54168
8847 2 3 3 95586
8851 2 3 3 36432
8862 2 3 3 81220
8863 2 3 3 30480
8870 2 3 3 52380
8872 2 3 3 24576
8873 2 3 3 87648
8875 2 3 3 52578
8882 2 3 3 24960
8883 2 3 3 57340
8886 2 3 3 26280
8887 2 3 3 42834
8888 2 3 3 40330
8892 2 3 3 57558
8893 2 3 3 99198
8894 2 3 3 59655
8895 2 3 3 78120
8896 2 3 3 83880
8900 2 3 3 88644
8906 2 3 3 65844
8907 2 3 3 89572
8919 2 3 3 53940
8923 2 3 3 90576
8930 2 3 3 87822
8937 2 3 3 22750
8940 2 3 3 27060
8941 2 3 3 47960
8954 2 3 3 99702
8957 2 3 3 78660
8959 2 3 3 57780
8962 2 3 3 45720
8963 2 3 3 99880
8969 2 3 3 52920
8971 2 3 3 47658
8973 2 3 3 37524
8987 2 3 3 44308
8989 2 3 3 34428
9003 2 3 3 77589
9020 2 3 3 42195
9028 2 3 3 95220
9029 2 3 3 34400
9035 2 3 3 43200
9053 2 3 3 95832
9056 2 3 3 99648
9063 2 3 3 79094
9065 2 3 3 44415
9068 2 3 3 97857
9072 2 3 3 38493
9086 2 3 3 95100
9095 2 3 3 39634
9100 2 3 3 48960
9104 2 3 3 75950
9110 2 3 3 44240
9116 2 3 3 91945
9122 2 3 3 82500
9126 2 3 3 90895
9127 2 3 3 84942
9131 2 3 3 91872
9139 2 3 3 35164
9140 2 3 3 80808
9148 2 3 3 92748
9159 2 3 3 70560
9169 2 3 3 84288
9174 2 3 3 77550
9178 2 3 3 93375
9185 2 3 3 87792
9195 2 3 3 36462
9197 2 3 3 79152
9199 2 3 3 39388
9221 2 3 3 35856
9230 2 3 3 32301
9247 2 3 3 70125
9262 2 3 3 91060
9266 2 3 3 99120
9296 2 3 3 36072
9305 2 3 3 82530
9310 2 3 3 37142
9318 2 3 3 94166
9320 2 3 3 73112
9322 2 3 3 73290
9331 2 3 3 80227
9334 2 3 3 36672
9336 2 3 3 86718
9340 2 3 3 97695
9357 2 3 3 71519
9363 2 3 3 73882
9364 2 3 3 74166
9377 2 3 3 78814
9381 2 3 3 78660
9388 2 3 3 82000
9406 2 3 3 82665
9411 2 3 3 95742
9415 2 3 3 73902
9427 2 3 3 76104
9433 2 3 3 75763
9436 2 3 3 31457
9437 2 3 3 86764
9445 2 3 3 90440
9449 2 3 3 79502
9466 2 3 3 92400
9492 2 3 3 75855
9494 2 3 3 78588
9503 2 3 3 97440
9510 2 3 3 34894
9545 2 3 3 75516
9549 2 3 3 36234
9558 2 3 3 94138
9592 2 3 3 35934
9594 2 3 3 80456
9601 2 3 3 75190
9620 2 3 3 82425
9624 2 3 3 84626
9634 2 3 3 38760
9635 2 3 3 70300
9639 2 3 3 86724
9641 2 3 3 31392
9665 2 3 3 77922
9668 2 3 3 83160
9670 2 3 3 78800
9680 2 3 3 34740
9695 2 3 3 93960
9708 2 3 3 30294
9717 2 3 3 36096
9737 2 3 3 82200
9742 2 3 3 88892
9758 2 3 3 87406
9769 2 3 3 35763
9775 2 3 3 32560
9782 2 3 3 34881
9808 2 3 3 37800
9823 2 3 3 82010
9828 2 3 3 81120
9851 2 3 3 89640
9861 2 3 3 84140
9872 2 3 3 97566
9873 2 3 3 90174
9878 2 3 3 82348
9885 2 3 3 87934
9917 2 3 3 87492
9932 2 3 3 97916
9940 2 3 3 83640
9959 2 3 3 86676
9966 2 3 3 86904
9996 2 3 3 82800
9999 2 3 3 87264
10000 2 3 3 82720
10038 2 3 3 81328
10054 2 3 3 90990
10060 2 3 3 86016
10066 2 3 3 90450
10070 2 3 3 87210
10073 2 3 3 95444
10076 2 3 3 88308
10091 2 3 3 86430
10117 2 3 3 94794
10130 2 3 3 94068
10132 2 3 3 85248
10143 2 3 3 95256
10195 2 3 3 84000
10225 2 3 3 87360
10227 2 3 3 96615
10245 2 3 3 94680
10267 2 3 3 97960
10276 2 3 3 93331
10277 2 3 3 92648
10278 2 3 3 97500
10281 2 3 3 88256
10300 2 3 3 82460
10362 2 3 3 83232
10375 2 3 3 83538
10385 2 3 3 91584
10388 2 3 3 96534
10398 2 3 3 81270
10414 2 3 3 87680
10416 2 3 3 99225
10436 2 3 3 99750
10448 2 3 3 86156
10484 2 3 3 94230
10490 2 3 3 82908
10497 2 3 3 87500
10517 2 3 3 91410
10541 2 3 3 98892
10548 2 3 3 91120
10573 2 3 3 99792
10583 2 3 3 99975
10619 2 3 3 94284
