1679 2 3 4 100320
1386 2 3 4 106800
948 2 3 4 107100
783 2 3 4 109440
750 2 3 4 114240
122 2 3 4 117075
1959 2 3 4 117142
655 2 3 4 117302
1595 2 3 4 121360
191 2 3 4 124000
1084 2 3 4 126910
160 2 3 4 128576
404 2 3 4 130140
389 2 3 4 130857
1838 2 3 4 131208
1065 2 3 4 132132
1411 2 3 4 135468
60 2 3 4 135744
1152 2 3 4 136956
1754 2 3 4 137376
730 2 3 4 138240
309 2 3 4 139980
233 2 3 4 140032
1009 2 3 4 141372
1884 2 3 4 141568
1792 2 3 4 142020
1318 2 3 4 142848
899 2 3 4 143872
1179 2 3 4 146070
1003 2 3 4 148890
1090 2 3 4 149100
1729 2 3 4 157090
1295 2 3 4 159840
1088 2 3 4 160590
849 2 3 4 166306
995 2 3 4 166496
838 2 3 4 170170
437 2 3 4 170810
1913 2 3 4 175420
499 2 3 4 177192
1674 2 3 4 179706
205 2 3 4 186300
779 2 3 4 188940
1294 2 3 4 190068
1149 2 3 4 193770
610 2 3 4 195408
239 2 3 4 195888
1021 2 3 4 196168
220 2 3 4 196236
721 2 3 4 199984
1041 2 3 4 204438
2687 2 3 4 205056
2744 2 3 4 209064
3242 2 3 4 211428
1203 2 3 4 213379
1972 2 3 4 216152
47 2 3 4 216840
18 2 3 4 217202
893 2 3 4 217664
3449 2 3 4 218240
3857 2 3 4 219596
3099 2 3 4 220320
1813 2 3 4 220662
266 2 3 4 221221
3370 2 3 4 222212
2962 2 3 4 222912
2031 2 3 4 224968
2860 2 3 4 230880
606 2 3 4 230958
3263 2 3 4 236800
821 2 3 4 241239
559 2 3 4 243344
2408 2 3 4 246352
917 2 3 4 246880
811 2 3 4 250832
2412 2 3 4 252000
319 2 3 4 253344
1645 2 3 4 258192
2121 2 3 4 258230
2655 2 3 4 260568
817 2 3 4 263780
1410 2 3 4 264096
401 2 3 4 264552
2250 2 3 4 268358
2726 2 3 4 272440
1177 2 3 4 272844
668 2 3 4 273180
990 2 3 4 273325
1532 2 3 4 277440
1741 2 3 4 278972
3164 2 3 4 279792
338 2 3 4 283030
661 2 3 4 284592
1563 2 3 4 285840
2344 2 3 4 286840
3875 2 3 4 290430
859 2 3 4 292632
3152 2 3 4 294640
2432 2 3 4 299000
3901 2 3 4 299880
94 2 3 4 301300
1681 2 3 4 303000
55 2 3 4 303804
1720 2 3 4 306504
2017 2 3 4 307200
2312 2 3 4 308016
629 2 3 4 309644
64 2 3 4 312816
1697 2 3 4 314712
876 2 3 4 314820
813 2 3 4 315468
1352 2 3 4 315492
1461 2 3 4 319332
2534 2 3 4 319792
934 2 3 4 321656
1064 2 3 4 322184
98 2 3 4 323408
1892 2 3 4 326770
617 2 3 4 331890
243 2 3 4 334224
2234 2 3 4 335320
1190 2 3 4 338430
1565 2 3 4 342528
1059 2 3 4 347116
467 2 3 4 349664
818 2 3 4 351120
2375 2 3 4 352128
298 2 3 4 352590
1340 2 3 4 352980
699 2 3 4 358800
2549 2 3 4 359560
1198 2 3 4 360760
332 2 3 4 360936
1476 2 3 4 361324
2111 2 3 4 366480
1914 2 3 4 367380
1362 2 3 4 368520
2447 2 3 4 369200
1901 2 3 4 372048
1688 2 3 4 385700
2466 2 3 4 386400
1740 2 3 4 387684
97 2 3 4 388020
10 2 3 4 388315
446 2 3 4 388740
269 2 3 4 393340
1462 2 3 4 395250
1921 2 3 4 395910
2171 2 3 4 397110
680 2 3 4 398412
1682 2 3 4 402688
2986 2 3 4 403872
1666 2 3 4 403956
22 2 3 4 405900
1274 2 3 4 408096
1965 2 3 4 408126
1154 2 3 4 409224
281 2 3 4 409734
2443 2 3 4 410816
1321 2 3 4 417570
1183 2 3 4 418932
286 2 3 4 419818
497 2 3 4 423612
1373 2 3 4 425040
2070 2 3 4 425040
3070 2 3 4 429572
1022 2 3 4 436101
3117 2 3 4 436322
46 2 3 4 439200
2314 2 3 4 439952
90 2 3 4 440188
2316 2 3 4 442088
1866 2 3 4 442520
676 2 3 4 446516
1650 2 3 4 447480
1204 2 3 4 453838
2845 2 3 4 455060
1781 2 3 4 457140
2723 2 3 4 459040
2955 2 3 4 459540
519 2 3 4 460564
2897 2 3 4 460920
509 2 3 4 461760
3068 2 3 4 462990
2049 2 3 4 464598
201 2 3 4 471680
1930 2 3 4 472080
15 2 3 4 475615
3145 2 3 4 477904
2925 2 3 4 483426
3161 2 3 4 485520
975 2 3 4 485569
1991 2 3 4 485904
2899 2 3 4 486134
970 2 3 4 493920
2182 2 3 4 495232
1460 2 3 4 496704
972 2 3 4 496808
2404 2 3 4 497040
561 2 3 4 497500
1453 2 3 4 505120
1271 2 3 4 509040
2635 2 3 4 512864
1927 2 3 4 518544
1387 2 3 4 519632
1330 2 3 4 524088
1492 2 3 4 524359
2482 2 3 4 525616
997 2 3 4 527058
2005 2 3 4 530180
1120 2 3 4 530222
1772 2 3 4 530714
1535 2 3 4 532704
933 2 3 4 535074
431 2 3 4 536130
1778 2 3 4 537693
1631 2 3 4 540192
573 2 3 4 541280
868 2 3 4 541508
1104 2 3 4 543000
840 2 3 4 543168
48 2 3 4 550592
421 2 3 4 551174
1529 2 3 4 552336
137 2 3 4 553212
1463 2 3 4 555016
1342 2 3 4 557190
706 2 3 4 558080
1004 2 3 4 560976
1802 2 3 4 561904
2458 2 3 4 562860
1842 2 3 4 563124
228 2 3 4 565440
1450 2 3 4 566154
412 2 3 4 570500
1129 2 3 4 574078
2015 2 3 4 576888
1375 2 3 4 580000
1306 2 3 4 581312
646 2 3 4 583510
1033 2 3 4 583638
1270 2 3 4 584800
146 2 3 4 587028
1721 2 3 4 587790
374 2 3 4 588064
218 2 3 4 588112
2077 2 3 4 588848
2692 2 3 4 591360
1164 2 3 4 591858
562 2 3 4 598752
1942 2 3 4 604200
522 2 3 4 604408
1651 2 3 4 606840
86 2 3 4 610600
1822 2 3 4 612020
1101 2 3 4 613068
2644 2 3 4 616104
1211 2 3 4 618488
229 2 3 4 620340
365 2 3 4 621432
2236 2 3 4 622720
2124 2 3 4 623808
2184 2 3 4 628320
854 2 3 4 629706
1827 2 3 4 635532
1755 2 3 4 636136
1605 2 3 4 641263
621 2 3 4 642072
2254 2 3 4 642816
215 2 3 4 643025
2539 2 3 4 643858
904 2 3 4 646020
395 2 3 4 646611
267 2 3 4 649700
2421 2 3 4 651672
1023 2 3 4 652960
2871 2 3 4 653044
435 2 3 4 656040
580 2 3 4 658912
554 2 3 4 662160
881 2 3 4 662796
2353 2 3 4 666820
727 2 3 4 666900
1885 2 3 4 670446
1334 2 3 4 671066
1031 2 3 4 674644
2936 2 3 4 675180
746 2 3 4 680544
2920 2 3 4 680940
311 2 3 4 682176
204 2 3 4 686452
883 2 3 4 687010
2387 2 3 4 688572
802 2 3 4 689928
1246 2 3 4 691020
1841 2 3 4 692370
2781 2 3 4 693720
193 2 3 4 696152
498 2 3 4 696784
2686 2 3 4 698400
1970 2 3 4 700848
70 2 3 4 704460
1209 2 3 4 705042
451 2 3 4 705168
1416 2 3 4 707610
50 2 3 4 710092
1893 2 3 4 714012
1950 2 3 4 715776
1218 2 3 4 717960
1473 2 3 4 722442
1642 2 3 4 723384
1098 2 3 4 724178
1186 2 3 4 725984
635 2 3 4 729985
708 2 3 4 735644
776 2 3 4 738385
560 2 3 4 739670
1987 2 3 4 740532
1743 2 3 4 741320
291 2 3 4 742876
737 2 3 4 744192
371 2 3 4 747664
501 2 3 4 748288
114 2 3 4 749232
1252 2 3 4 755440
1357 2 3 4 757760
803 2 3 4 758160
1818 2 3 4 758960
377 2 3 4 759748
54 2 3 4 761394
1276 2 3 4 764544
880 2 3 4 766260
871 2 3 4 766636
1871 2 3 4 769912
685 2 3 4 769950
1171 2 3 4 770792
296 2 3 4 772104
1339 2 3 4 774375
1753 2 3 4 774456
67 2 3 4 775376
1483 2 3 4 776440
693 2 3 4 783864
1749 2 3 4 785050
147 2 3 4 785070
1935 2 3 4 786600
528 2 3 4 789032
865 2 3 4 790320
1389 2 3 4 792000
52 2 3 4 794832
839 2 3 4 794840
2318 2 3 4 802032
874 2 3 4 803358
3671 2 3 4 806400
2135 2 3 4 807391
3545 2 3 4 808840
3848 2 3 4 810540
3602 2 3 4 811733
176 2 3 4 812640
1115 2 3 4 815016
43 2 3 4 816340
1984 2 3 4 818550
1258 2 3 4 819568
2508 2 3 4 821184
131 2 3 4 823680
3739 2 3 4 826956
1355 2 3 4 827388
889 2 3 4 829840
3060 2 3 4 833280
1008 2 3 4 835280
2784 2 3 4 835744
1865 2 3 4 840084
516 2 3 4 841232
3153 2 3 4 843750
1116 2 3 4 844272
1208 2 3 4 847818
2303 2 3 4 850900
2346 2 3 4 855960
2339 2 3 4 856548
2802 2 3 4 856692
1367 2 3 4 856716
2775 2 3 4 861159
965 2 3 4 863814
2192 2 3 4 865386
1469 2 3 4 868948
586 2 3 4 872410
1235 2 3 4 873520
1307 2 3 4 874336
745 2 3 4 878688
3471 2 3 4 878904
2823 2 3 4 881280
681 2 3 4 882200
2091 2 3 4 882548
1835 2 3 4 883792
2315 2 3 4 888964
843 2 3 4 889984
2114 2 3 4 890076
3394 2 3 4 892320
1107 2 3 4 895860
3216 2 3 4 896480
3803 2 3 4 896560
1602 2 3 4 900524
2417 2 3 4 900612
777 2 3 4 900864
234 2 3 4 902016
741 2 3 4 902348
214 2 3 4 903294
527 2 3 4 904253
353 2 3 4 904650
1361 2 3 4 910506
187 2 3 4 911800
1561 2 3 4 911904
1285 2 3 4 914568
0 2 3 4 917232
1894 2 3 4 920860
1141 2 3 4 924952
2209 2 3 4 925275
751 2 3 4 929204
1382 2 3 4 930300
45 2 3 4 930772
464 2 3 4 934360
1153 2 3 4 939600
2449 2 3 4 940368
213 2 3 4 941460
2136 2 3 4 943299
2183 2 3 4 946088
1888 2 3 4 947178
1448 2 3 4 949016
2004 2 3 4 950208
265 2 3 4 950400
1182 2 3 4 951368
1117 2 3 4 952544
1231 2 3 4 953088
1900 2 3 4 954828
2117 2 3 4 963192
1110 2 3 4 963525
1899 2 3 4 967104
1603 2 3 4 972288
2092 2 3 4 975280
1369 2 3 4 979248
448 2 3 4 979630
2400 2 3 4 980798
299 2 3 4 982308
51 2 3 4 983964
1809 2 3 4 987636
1344 2 3 4 990000
986 2 3 4 995460
1923 2 3 4 996072
472 2 3 4 997464
1014 2 3 4 998528
1982 2 3 4 998679
149 2 3 4 1000960
545 2 3 4 1004400
2023 2 3 4 1006468
1647 2 3 4 1007748
729 2 3 4 1008350
185 2 3 4 1009280
1341 2 3 4 1009412
1384 2 3 4 1012440
1458 2 3 4 1012866
1099 2 3 4 1013724
1967 2 3 4 1015872
2233 2 3 4 1015980
2393 2 3 4 1018225
891 2 3 4 1019616
734 2 3 4 1024590
1632 2 3 4 1028912
103 2 3 4 1028988
1142 2 3 4 1032672
1068 2 3 4 1035034
1655 2 3 4 1036000
2127 2 3 4 1037520
2072 2 3 4 1037952
476 2 3 4 1038310
1365 2 3 4 1040256
1836 2 3 4 1040430
482 2 3 4 1040660
1036 2 3 4 1051380
679 2 3 4 1051650
1584 2 3 4 1053780
1848 2 3 4 1060864
1456 2 3 4 1061680
2377 2 3 4 1063656
2026 2 3 4 1068180
778 2 3 4 1070048
1635 2 3 4 1070792
2058 2 3 4 1070865
579 2 3 4 1075176
1719 2 3 4 1077670
929 2 3 4 1084644
603 2 3 4 1088904
227 2 3 4 1089480
9 2 3 4 1090296
2034 2 3 4 1090800
117 2 3 4 1094478
1858 2 3 4 1095360
1654 2 3 4 1095536
2357 2 3 4 1095876
675 2 3 4 1096200
703 2 3 4 1097280
1845 2 3 4 1099952
786 2 3 4 1104356
1292 2 3 4 1106695
1839 2 3 4 1111968
468 2 3 4 1112788
1609 2 3 4 1113424
954 2 3 4 1113568
1961 2 3 4 1114512
61 2 3 4 1115520
217 2 3 4 1118808
1170 2 3 4 1119460
1070 2 3 4 1124928
744 2 3 4 1126320
873 2 3 4 1128666
1390 2 3 4 1136340
649 2 3 4 1136502
1680 2 3 4 1137080
2079 2 3 4 1137092
111 2 3 4 1137378
644 2 3 4 1137861
517 2 3 4 1138812
2535 2 3 4 1145400
1278 2 3 4 1150128
471 2 3 4 1150926
1685 2 3 4 1155224
1939 2 3 4 1155600
2159 2 3 4 1157760
1380 2 3 4 1158192
2055 2 3 4 1162350
223 2 3 4 1164540
1831 2 3 4 1167250
174 2 3 4 1170312
2504 2 3 4 1170488
508 2 3 4 1171456
2272 2 3 4 1172880
169 2 3 4 1174152
626 2 3 4 1177976
2481 2 3 4 1178072
641 2 3 4 1179486
1105 2 3 4 1180676
2358 2 3 4 1181648
1323 2 3 4 1182852
1558 2 3 4 1183952
1988 2 3 4 1184256
1528 2 3 4 1186056
2385 2 3 4 1186780
1596 2 3 4 1189979
1786 2 3 4 1190272
276 2 3 4 1194988
350 2 3 4 1197889
1672 2 3 4 1199616
1062 2 3 4 1200136
457 2 3 4 1201072
432 2 3 4 1209924
671 2 3 4 1217160
2075 2 3 4 1217804
1663 2 3 4 1218708
2319 2 3 4 1219392
107 2 3 4 1219584
569 2 3 4 1222118
820 2 3 4 1222848
1291 2 3 4 1223073
1815 2 3 4 1224124
285 2 3 4 1226368
710 2 3 4 1231259
274 2 3 4 1231566
2131 2 3 4 1231728
1333 2 3 4 1231804
1517 2 3 4 1231846
1918 2 3 4 1232560
1696 2 3 4 1237600
1926 2 3 4 1240496
186 2 3 4 1244160
892 2 3 4 1245600
99 2 3 4 1249310
199 2 3 4 1250683
2178 2 3 4 1251610
1445 2 3 4 1251936
1767 2 3 4 1252832
1484 2 3 4 1255900
1130 2 3 4 1256192
1637 2 3 4 1256706
2133 2 3 4 1256948
842 2 3 4 1258600
967 2 3 4 1260280
1807 2 3 4 1260348
1905 2 3 4 1263808
1849 2 3 4 1264068
2309 2 3 4 1267962
1157 2 3 4 1270962
1305 2 3 4 1274592
1207 2 3 4 1277120
136 2 3 4 1278570
2076 2 3 4 1280300
441 2 3 4 1280528
2362 2 3 4 1285920
2138 2 3 4 1287243
852 2 3 4 1295616
2382 2 3 4 1295837
2073 2 3 4 1296102
65 2 3 4 1299560
429 2 3 4 1300320
2972 2 3 4 1301508
155 2 3 4 1301685
1298 2 3 4 1303640
875 2 3 4 1305018
2052 2 3 4 1307580
1765 2 3 4 1312476
1145 2 3 4 1315104
1228 2 3 4 1316056
860 2 3 4 1316223
1630 2 3 4 1320458
384 2 3 4 1322160
2902 2 3 4 1323216
2557 2 3 4 1324312
2033 2 3 4 1324960
1728 2 3 4 1326292
200 2 3 4 1329900
1915 2 3 4 1330395
664 2 3 4 1332864
2102 2 3 4 1333010
2381 2 3 4 1333563
598 2 3 4 1338558
1293 2 3 4 1346168
406 2 3 4 1346400
2162 2 3 4 1348768
2216 2 3 4 1352432
2169 2 3 4 1353024
2858 2 3 4 1354580
2101 2 3 4 1356156
2288 2 3 4 1356480
2429 2 3 4 1356696
1787 2 3 4 1361718
1325 2 3 4 1363824
159 2 3 4 1370092
1974 2 3 4 1370340
2789 2 3 4 1371072
2933 2 3 4 1371624
317 2 3 4 1374272
717 2 3 4 1374984
920 2 3 4 1379440
39 2 3 4 1380720
2064 2 3 4 1380864
2923 2 3 4 1382192
102 2 3 4 1383720
978 2 3 4 1384704
312 2 3 4 1385160
1625 2 3 4 1387680
1840 2 3 4 1392408
2260 2 3 4 1398320
2266 2 3 4 1398488
1266 2 3 4 1401888
57 2 3 4 1404000
347 2 3 4 1405112
329 2 3 4 1408603
341 2 3 4 1411368
230 2 3 4 1412180
1890 2 3 4 1414400
456 2 3 4 1415778
1259 2 3 4 1417520
1385 2 3 4 1420812
1194 2 3 4 1422080
453 2 3 4 1424524
914 2 3 4 1425200
1995 2 3 4 1428048
1297 2 3 4 1430960
1248 2 3 4 1434880
1242 2 3 4 1438360
1016 2 3 4 1442304
1042 2 3 4 1444072
1243 2 3 4 1444320
1656 2 3 4 1445808
273 2 3 4 1449360
2045 2 3 4 1449900
1311 2 3 4 1450656
1801 2 3 4 1450800
700 2 3 4 1451104
1360 2 3 4 1453824
565 2 3 4 1458816
789 2 3 4 1459920
2122 2 3 4 1460250
701 2 3 4 1462864
1803 2 3 4 1464720
479 2 3 4 1464848
260 2 3 4 1465560
1093 2 3 4 1472640
1686 2 3 4 1472776
1302 2 3 4 1474330
826 2 3 4 1474760
908 2 3 4 1475005
1677 2 3 4 1475136
1493 2 3 4 1475320
1773 2 3 4 1479798
192 2 3 4 1481018
127 2 3 4 1485120
1593 2 3 4 1485952
1189 2 3 4 1486120
1712 2 3 4 1487775
1108 2 3 4 1493400
212 2 3 4 1494564
1134 2 3 4 1496744
2130 2 3 4 1500059
2029 2 3 4 1502424
1165 2 3 4 1504008
1917 2 3 4 1508000
526 2 3 4 1509456
2248 2 3 4 1510076
815 2 3 4 1512402
769 2 3 4 1513926
71 2 3 4 1514581
543 2 3 4 1515240
1466 2 3 4 1517940
1522 2 3 4 1520237
458 2 3 4 1521185
939 2 3 4 1526280
2187 2 3 4 1530000
1789 2 3 4 1530984
2614 2 3 4 1535180
2194 2 3 4 1535296
2696 2 3 4 1536000
1229 2 3 4 1538058
308 2 3 4 1541436
756 2 3 4 1544676
2371 2 3 4 1545740
1526 2 3 4 1546464
1810 2 3 4 1547199
1742 2 3 4 1548480
254 2 3 4 1550548
188 2 3 4 1555874
1505 2 3 4 1559024
42 2 3 4 1560932
2144 2 3 4 1563072
1268 2 3 4 1563705
1829 2 3 4 1564824
156 2 3 4 1568120
394 2 3 4 1570400
2455 2 3 4 1570582
2099 2 3 4 1572840
848 2 3 4 1574172
537 2 3 4 1575936
367 2 3 4 1576512
1489 2 3 4 1577532
2386 2 3 4 1580152
991 2 3 4 1582560
270 2 3 4 1582632
1622 2 3 4 1583600
1873 2 3 4 1585920
32 2 3 4 1586912
782 2 3 4 1588400
1620 2 3 4 1590944
2388 2 3 4 1598520
2148 2 3 4 1602512
1027 2 3 4 1605224
2843 2 3 4 1607340
1029 2 3 4 1608210
26 2 3 4 1610767
2047 2 3 4 1613100
602 2 3 4 1614720
2022 2 3 4 1617736
1944 2 3 4 1618794
660 2 3 4 1619750
2151 2 3 4 1623060
2228 2 3 4 1628370
1133 2 3 4 1629048
202 2 3 4 1630720
775 2 3 4 1631784
2825 2 3 4 1632150
320 2 3 4 1633030
2820 2 3 4 1633800
542 2 3 4 1635788
830 2 3 4 1636480
2621 2 3 4 1636636
2450 2 3 4 1637472
167 2 3 4 1645896
2821 2 3 4 1646848
21 2 3 4 1648320
184 2 3 4 1648440
72 2 3 4 1655296
44 2 3 4 1658800
1820 2 3 4 1659618
1213 2 3 4 1661344
1465 2 3 4 1661814
1431 2 3 4 1664326
134 2 3 4 1667744
11 2 3 4 1669008
324 2 3 4 1669416
1490 2 3 4 1672160
3224 2 3 4 1678080
723 2 3 4 1679888
1034 2 3 4 1679904
2582 2 3 4 1681920
1555 2 3 4 1682532
1087 2 3 4 1684224
1751 2 3 4 1684734
3050 2 3 4 1685880
405 2 3 4 1687560
619 2 3 4 1687694
3218 2 3 4 1692860
2436 2 3 4 1693420
2605 2 3 4 1694256
2281 2 3 4 1699775
1241 2 3 4 1703592
1017 2 3 4 1706784
2372 2 3 4 1710690
1864 2 3 4 1711680
766 2 3 4 1712480
696 2 3 4 1713360
1800 2 3 4 1714656
2427 2 3 4 1716678
2126 2 3 4 1719536
403 2 3 4 1721120
712 2 3 4 1722000
1082 2 3 4 1736574
75 2 3 4 1738440
1613 2 3 4 1739520
1600 2 3 4 1741000
922 2 3 4 1741284
2430 2 3 4 1742314
1549 2 3 4 1744320
2588 2 3 4 1744756
1518 2 3 4 1745424
549 2 3 4 1745464
1683 2 3 4 1746030
709 2 3 4 1746716
180 2 3 4 1751760
1111 2 3 4 1756356
1254 2 3 4 1756832
541 2 3 4 1757400
1086 2 3 4 1758240
1320 2 3 4 1758596
1837 2 3 4 1758664
2462 2 3 4 1759016
2333 2 3 4 1760080
165 2 3 4 1762560
238 2 3 4 1765456
2274 2 3 4 1767540
375 2 3 4 1768448
1757 2 3 4 1772538
1834 2 3 4 1773134
1205 2 3 4 1773460
92 2 3 4 1774008
694 2 3 4 1778880
2258 2 3 4 1781760
1805 2 3 4 1783600
593 2 3 4 1784784
2001 2 3 4 1791000
247 2 3 4 1795365
2024 2 3 4 1796052
6 2 3 4 1796128
2595 2 3 4 1799520
674 2 3 4 1799940
2760 2 3 4 1800056
2270 2 3 4 1801152
2581 2 3 4 1805776
1193 2 3 4 1807200
1998 2 3 4 1809707
2088 2 3 4 1812720
2390 2 3 4 1813040
241 2 3 4 1815264
1782 2 3 4 1816000
2748 2 3 4 1817192
1429 2 3 4 1817424
1855 2 3 4 1823538
571 2 3 4 1824660
2801 2 3 4 1827040
568 2 3 4 1828296
3356 2 3 4 1835328
1876 2 3 4 1837680
417 2 3 4 1838467
1973 2 3 4 1838592
760 2 3 4 1839552
340 2 3 4 1840416
1889 2 3 4 1841574
1048 2 3 4 1842480
2 2 3 4 1843136
425 2 3 4 1843904
259 2 3 4 1844672
795 2 3 4 1846200
638 2 3 4 1846836
1400 2 3 4 1854000
704 2 3 4 1854486
2531 2 3 4 1854798
2521 2 3 4 1857592
3276 2 3 4 1859760
3079 2 3 4 1863928
2203 2 3 4 1864512
1575 2 3 4 1865502
1830 2 3 4 1866600
757 2 3 4 1871480
3432 2 3 4 1871804
771 2 3 4 1872660
1185 2 3 4 1873600
1273 2 3 4 1878272
3351 2 3 4 1878304
2271 2 3 4 1882232
2606 2 3 4 1885152
271 2 3 4 1887768
2398 2 3 4 1888032
100 2 3 4 1888848
1467 2 3 4 1893045
673 2 3 4 1899320
2379 2 3 4 1901592
3593 2 3 4 1908880
2304 2 3 4 1909704
2348 2 3 4 1912282
3243 2 3 4 1918464
2321 2 3 4 1919176
3177 2 3 4 1919456
2123 2 3 4 1919832
632 2 3 4 1921920
3193 2 3 4 1925088
2730 2 3 4 1925838
3670 2 3 4 1926912
738 2 3 4 1928640
2297 2 3 4 1930680
905 2 3 4 1934866
1730 2 3 4 1935852
4070 2 3 4 1937936
3980 2 3 4 1939742
4057 2 3 4 1940400
945 2 3 4 1945320
3062 2 3 4 1945944
1230 2 3 4 1946880
1816 2 3 4 1948704
2020 2 3 4 1951200
2109 2 3 4 1952520
3665 2 3 4 1953645
4024 2 3 4 1954488
3535 2 3 4 1957152
2087 2 3 4 1959090
1867 2 3 4 1961160
3395 2 3 4 1961868
2550 2 3 4 1963008
2246 2 3 4 1964000
1586 2 3 4 1964776
1201 2 3 4 1966084
2799 2 3 4 1967616
1160 2 3 4 1969280
3166 2 3 4 1972412
3377 2 3 4 1976344
2226 2 3 4 1976736
4035 2 3 4 1979480
3754 2 3 4 1980000
3914 2 3 4 1980099
3565 2 3 4 1984196
1963 2 3 4 1984240
582 2 3 4 1988225
3301 2 3 4 1989696
3825 2 3 4 1992344
872 2 3 4 1993200
2684 2 3 4 1995952
