3 2 3 4 4434100
4 2 3 4 3076920
5 2 3 4 3051852
7 2 3 4 6891048
8 2 3 4 3939208
12 2 3 4 2062260
13 2 3 4 3765028
16 2 3 4 5440944
17 2 3 4 5524100
19 2 3 4 6953760
20 2 3 4 2962400
25 2 3 4 5626368
29 2 3 4 3889480
31 2 3 4 2040792
33 2 3 4 8483920
36 2 3 4 6784308
37 2 3 4 2264672
38 2 3 4 4061960
41 2 3 4 4336100
49 2 3 4 6063552
53 2 3 4 5433560
56 2 3 4 3224826
62 2 3 4 2632912
66 2 3 4 8077608
68 2 3 4 8090450
69 2 3 4 2022048
74 2 3 4 5212480
78 2 3 4 5540280
79 2 3 4 3470346
80 2 3 4 2691792
82 2 3 4 9002298
85 2 3 4 3498660
88 2 3 4 2134002
93 2 3 4 4031547
96 2 3 4 2213280
105 2 3 4 5473188
106 2 3 4 8692110
110 2 3 4 2962048
112 2 3 4 4091088
113 2 3 4 5544936
115 2 3 4 3693408
116 2 3 4 3309735
118 2 3 4 4454824
119 2 3 4 3202920
120 2 3 4 7399968
121 2 3 4 3859544
123 2 3 4 8873388
125 2 3 4 2558628
126 2 3 4 4790384
129 2 3 4 3986713
133 2 3 4 2434812
135 2 3 4 3849640
138 2 3 4 3486720
139 2 3 4 10340852
143 2 3 4 5861376
144 2 3 4 2687800
145 2 3 4 3309852
151 2 3 4 4600570
152 2 3 4 4119156
153 2 3 4 3382456
157 2 3 4 3260224
158 2 3 4 2316960
161 2 3 4 7428960
166 2 3 4 2039392
170 2 3 4 3395744
172 2 3 4 9521526
173 2 3 4 8250360
177 2 3 4 5460096
181 2 3 4 4699128
182 2 3 4 2344160
183 2 3 4 3350498
190 2 3 4 4850400
194 2 3 4 5541088
197 2 3 4 2651184
206 2 3 4 3360928
207 2 3 4 2147974
208 2 3 4 2050240
211 2 3 4 2058560
216 2 3 4 2185020
224 2 3 4 2488000
226 2 3 4 2111900
231 2 3 4 2004000
235 2 3 4 3545700
236 2 3 4 2993070
237 2 3 4 6592512
240 2 3 4 3988200
245 2 3 4 2229552
246 2 3 4 2057496
248 2 3 4 5285040
249 2 3 4 2839600
251 2 3 4 3093792
253 2 3 4 2191680
255 2 3 4 2395120
261 2 3 4 2891442
263 2 3 4 2296800
268 2 3 4 3628352
275 2 3 4 5636176
277 2 3 4 8138858
278 2 3 4 3591684
280 2 3 4 4729043
284 2 3 4 4112619
288 2 3 4 2760120
289 2 3 4 2564240
292 2 3 4 2027520
294 2 3 4 3000320
297 2 3 4 2830968
303 2 3 4 4824780
304 2 3 4 5579310
305 2 3 4 5672896
306 2 3 4 3290004
310 2 3 4 5409604
315 2 3 4 2196576
316 2 3 4 3424576
318 2 3 4 4103232
335 2 3 4 2239545
344 2 3 4 8158752
345 2 3 4 3423504
346 2 3 4 2459016
354 2 3 4 3953222
358 2 3 4 2150736
359 2 3 4 5325300
360 2 3 4 3599518
361 2 3 4 7285904
362 2 3 4 4642464
364 2 3 4 3027360
366 2 3 4 3623130
368 2 3 4 7783210
369 2 3 4 2516952
372 2 3 4 3167616
373 2 3 4 2977104
380 2 3 4 2513700
385 2 3 4 2711730
390 2 3 4 4211200
391 2 3 4 3964180
392 2 3 4 2765324
397 2 3 4 10180921
399 2 3 4 6262176
400 2 3 4 5889112
402 2 3 4 2616900
411 2 3 4 8108376
413 2 3 4 8781292
418 2 3 4 3561768
422 2 3 4 6372600
427 2 3 4 3739200
428 2 3 4 3743128
433 2 3 4 4760000
438 2 3 4 8230992
444 2 3 4 2510016
445 2 3 4 4082944
447 2 3 4 2045310
452 2 3 4 8698688
455 2 3 4 2394000
461 2 3 4 3714030
462 2 3 4 4700484
463 2 3 4 2735980
474 2 3 4 5059776
477 2 3 4 10471240
480 2 3 4 4939008
483 2 3 4 3398880
484 2 3 4 4466932
485 2 3 4 4334256
487 2 3 4 3954368
490 2 3 4 7344944
491 2 3 4 5433120
492 2 3 4 5379712
493 2 3 4 2995782
495 2 3 4 2211394
496 2 3 4 2664548
500 2 3 4 5448976
502 2 3 4 2741680
503 2 3 4 3012139
504 2 3 4 3687720
505 2 3 4 3889872
506 2 3 4 4088652
511 2 3 4 2374440
513 2 3 4 5008312
515 2 3 4 3923424
518 2 3 4 8326383
520 2 3 4 2118760
525 2 3 4 6423138
529 2 3 4 3963792
532 2 3 4 3615570
533 2 3 4 2689806
535 2 3 4 5449448
536 2 3 4 6106256
539 2 3 4 3853408
540 2 3 4 5989344
546 2 3 4 2470320
548 2 3 4 3315200
553 2 3 4 3763728
555 2 3 4 4096560
557 2 3 4 5928000
558 2 3 4 4904900
563 2 3 4 3644072
566 2 3 4 3297780
572 2 3 4 2587200
574 2 3 4 10870912
577 2 3 4 2304186
578 2 3 4 9036240
583 2 3 4 4482816
584 2 3 4 4659840
588 2 3 4 2841414
590 2 3 4 2188920
592 2 3 4 3593848
594 2 3 4 7064900
595 2 3 4 2828428
597 2 3 4 10739701
607 2 3 4 3513356
609 2 3 4 5518008
611 2 3 4 4447680
612 2 3 4 6025140
613 2 3 4 3805892
614 2 3 4 4112000
615 2 3 4 2817520
618 2 3 4 4357888
623 2 3 4 2486772
625 2 3 4 6034358
627 2 3 4 3446940
636 2 3 4 2060452
643 2 3 4 3133728
645 2 3 4 5529384
647 2 3 4 6435910
648 2 3 4 3212976
650 2 3 4 6452856
652 2 3 4 4477152
653 2 3 4 10321856
654 2 3 4 3139424
657 2 3 4 2224332
659 2 3 4 5812920
662 2 3 4 2919616
663 2 3 4 10495962
665 2 3 4 3489024
666 2 3 4 2646798
677 2 3 4 5324256
678 2 3 4 3651480
683 2 3 4 2719862
684 2 3 4 3688368
686 2 3 4 3379300
687 2 3 4 2775240
688 2 3 4 2910268
689 2 3 4 2079396
690 2 3 4 2120400
691 2 3 4 3773985
695 2 3 4 2664090
697 2 3 4 4594625
705 2 3 4 4621392
711 2 3 4 5191560
713 2 3 4 2844940
714 2 3 4 2463456
716 2 3 4 2773440
720 2 3 4 2316303
724 2 3 4 2446179
725 2 3 4 7859670
731 2 3 4 5718064
733 2 3 4 4498650
739 2 3 4 5114280
742 2 3 4 4108036
743 2 3 4 2791289
749 2 3 4 2089710
753 2 3 4 3786872
754 2 3 4 4449052
755 2 3 4 6145140
759 2 3 4 2910072
761 2 3 4 2904394
763 2 3 4 4137468
764 2 3 4 4397760
768 2 3 4 2592036
774 2 3 4 3361260
780 2 3 4 4715520
781 2 3 4 5853320
785 2 3 4 2752552
787 2 3 4 6739560
788 2 3 4 4330944
791 2 3 4 5265574
792 2 3 4 9330294
796 2 3 4 2132155
798 2 3 4 3156640
799 2 3 4 7165759
800 2 3 4 2346080
805 2 3 4 3373032
807 2 3 4 8354584
809 2 3 4 4318836
810 2 3 4 3325880
816 2 3 4 5052960
819 2 3 4 7016702
823 2 3 4 2361216
824 2 3 4 5515755
827 2 3 4 2529054
828 2 3 4 9507960
829 2 3 4 5584572
832 2 3 4 8747640
833 2 3 4 3426192
834 2 3 4 2390300
837 2 3 4 4953708
846 2 3 4 7548816
853 2 3 4 4233396
855 2 3 4 4271880
857 2 3 4 4599180
869 2 3 4 3020950
877 2 3 4 6942600
878 2 3 4 3569664
879 2 3 4 2629632
882 2 3 4 7175420
884 2 3 4 3168332
885 2 3 4 3584416
886 2 3 4 2931552
887 2 3 4 4148972
890 2 3 4 2368440
894 2 3 4 2167074
895 2 3 4 2650752
896 2 3 4 2920125
901 2 3 4 4249882
902 2 3 4 2283588
903 2 3 4 4892816
907 2 3 4 6985016
912 2 3 4 2068588
916 2 3 4 4709088
918 2 3 4 3254072
919 2 3 4 2906198
921 2 3 4 2873104
923 2 3 4 4116448
924 2 3 4 2640168
926 2 3 4 2039368
927 2 3 4 7478700
928 2 3 4 4399424
930 2 3 4 2139336
935 2 3 4 2854410
940 2 3 4 11386830
942 2 3 4 2047348
943 2 3 4 2443980
946 2 3 4 2448584
947 2 3 4 3577360
951 2 3 4 3437440
953 2 3 4 2031644
955 2 3 4 7679056
956 2 3 4 3369072
957 2 3 4 2842784
959 2 3 4 2737646
964 2 3 4 2179590
968 2 3 4 2397528
969 2 3 4 5583300
971 2 3 4 2749110
980 2 3 4 2447544
981 2 3 4 5756625
988 2 3 4 2117232
989 2 3 4 4952160
992 2 3 4 5809454
996 2 3 4 2303028
999 2 3 4 2473536
1005 2 3 4 3079140
1006 2 3 4 5742765
1011 2 3 4 2661612
1013 2 3 4 2317440
1015 2 3 4 4151140
1018 2 3 4 2949450
1024 2 3 4 2097280
1028 2 3 4 10391892
1030 2 3 4 2865984
1037 2 3 4 4625700
1040 2 3 4 3830164
1044 2 3 4 3823996
1045 2 3 4 4333440
1050 2 3 4 5829120
1052 2 3 4 2932575
1053 2 3 4 3511144
1054 2 3 4 2255902
1055 2 3 4 3919296
1058 2 3 4 3273138
1061 2 3 4 5442720
1063 2 3 4 4600128
1067 2 3 4 2672096
1069 2 3 4 5335440
1072 2 3 4 3200752
1074 2 3 4 2738124
1076 2 3 4 4363200
1077 2 3 4 4106896
1083 2 3 4 5849376
1085 2 3 4 2473104
1091 2 3 4 3785076
1096 2 3 4 3461385
1097 2 3 4 2324664
1100 2 3 4 2434320
1102 2 3 4 2057704
1113 2 3 4 2957436
1114 2 3 4 4689240
1119 2 3 4 4573808
1122 2 3 4 2411150
1123 2 3 4 3957138
1125 2 3 4 4690496
1126 2 3 4 2201352
1127 2 3 4 8314112
1128 2 3 4 2567672
1131 2 3 4 2318704
1132 2 3 4 2514795
1136 2 3 4 4846392
1140 2 3 4 4362666
1143 2 3 4 2096640
1148 2 3 4 3097304
1150 2 3 4 3422104
1156 2 3 4 2613168
1163 2 3 4 2753724
1166 2 3 4 4291716
1167 2 3 4 3049216
1172 2 3 4 2446884
1173 2 3 4 5762928
1176 2 3 4 3837033
1180 2 3 4 6740440
1181 2 3 4 6185808
1184 2 3 4 2082048
1187 2 3 4 5166000
1188 2 3 4 9274980
1195 2 3 4 2117232
1196 2 3 4 3487200
1199 2 3 4 2260664
1206 2 3 4 10014058
1210 2 3 4 2449914
1214 2 3 4 2147220
1215 2 3 4 2361744
1217 2 3 4 2160656
1219 2 3 4 2690304
1221 2 3 4 4290880
1222 2 3 4 5773152
1225 2 3 4 8175504
1226 2 3 4 2674900
1233 2 3 4 3516845
1236 2 3 4 6130880
1240 2 3 4 4365648
1244 2 3 4 3330432
1247 2 3 4 7990080
1249 2 3 4 6283952
1256 2 3 4 9490968
1265 2 3 4 4731648
1267 2 3 4 2553078
1272 2 3 4 2998028
1277 2 3 4 2449920
1279 2 3 4 2254392
1280 2 3 4 4183872
1281 2 3 4 9507940
1286 2 3 4 3104540
1287 2 3 4 3383100
1288 2 3 4 3052544
1290 2 3 4 7206059
1296 2 3 4 2511744
1299 2 3 4 3017728
1300 2 3 4 5713160
1301 2 3 4 3712808
1303 2 3 4 2043744
1304 2 3 4 2028000
1308 2 3 4 3325440
1309 2 3 4 6833184
1310 2 3 4 4103120
1312 2 3 4 4043880
1314 2 3 4 3083850
1316 2 3 4 7942640
1317 2 3 4 2164068
1319 2 3 4 3456096
1326 2 3 4 2336328
1327 2 3 4 2066928
1328 2 3 4 6255793
1329 2 3 4 5446172
1332 2 3 4 3482208
1335 2 3 4 3103812
1337 2 3 4 2001608
1338 2 3 4 2243328
1346 2 3 4 2302272
1349 2 3 4 2578589
1353 2 3 4 4685358
1354 2 3 4 3368040
1358 2 3 4 2156880
1359 2 3 4 7803102
1364 2 3 4 2527020
1366 2 3 4 3245760
1371 2 3 4 2239354
1374 2 3 4 3204816
1377 2 3 4 7115118
1379 2 3 4 4235220
1391 2 3 4 3275712
1392 2 3 4 5599800
1394 2 3 4 2898140
1396 2 3 4 2459992
1397 2 3 4 2465408
1399 2 3 4 3665544
1405 2 3 4 6991848
1406 2 3 4 5623200
1408 2 3 4 4128516
1414 2 3 4 2606636
1415 2 3 4 5532450
1421 2 3 4 3697735
1424 2 3 4 5453088
1428 2 3 4 3822850
1430 2 3 4 3891375
1432 2 3 4 3127104
1433 2 3 4 2570020
1434 2 3 4 2309440
1435 2 3 4 4227600
1436 2 3 4 7088352
1437 2 3 4 2444376
1438 2 3 4 7558889
1441 2 3 4 3424638
1446 2 3 4 9535420
1449 2 3 4 6674038
1451 2 3 4 4023492
1452 2 3 4 4212000
1454 2 3 4 2543512
1455 2 3 4 2758350
1468 2 3 4 3155296
1471 2 3 4 3044188
1474 2 3 4 2419264
1477 2 3 4 4889430
1478 2 3 4 4241160
1479 2 3 4 4594128
1480 2 3 4 6140704
1482 2 3 4 4288896
1485 2 3 4 5628000
1488 2 3 4 3927519
1496 2 3 4 5985960
1498 2 3 4 8339036
1499 2 3 4 4707360
1500 2 3 4 7881072
1501 2 3 4 7292376
1503 2 3 4 2749488
1507 2 3 4 5908800
1508 2 3 4 7052886
1511 2 3 4 3103232
1512 2 3 4 3511872
1515 2 3 4 3981120
1516 2 3 4 5274080
1525 2 3 4 5569404
1530 2 3 4 3068408
1531 2 3 4 2741130
1533 2 3 4 5986704
1537 2 3 4 3188480
1538 2 3 4 5662404
1541 2 3 4 2977920
1543 2 3 4 2664560
1544 2 3 4 5391360
1550 2 3 4 3708268
1553 2 3 4 3622920
1560 2 3 4 4831428
1564 2 3 4 3525210
1566 2 3 4 4111316
1568 2 3 4 5125680
1569 2 3 4 5820688
1571 2 3 4 3361215
1572 2 3 4 4040184
1576 2 3 4 3594728
1577 2 3 4 4095000
1578 2 3 4 2798050
1581 2 3 4 3115992
1582 2 3 4 5245568
1583 2 3 4 3814446
1587 2 3 4 3691944
1590 2 3 4 2959836
1591 2 3 4 3456432
1592 2 3 4 4126580
1594 2 3 4 6152460
1606 2 3 4 5732040
1614 2 3 4 2941239
1615 2 3 4 3291816
1617 2 3 4 3763296
1621 2 3 4 3392088
1623 2 3 4 4189170
1627 2 3 4 3746160
1636 2 3 4 3381840
1640 2 3 4 3166920
1644 2 3 4 2831400
1648 2 3 4 4386564
1649 2 3 4 2813568
1653 2 3 4 3766392
1659 2 3 4 6139012
1660 2 3 4 4999820
1661 2 3 4 4744256
1662 2 3 4 3228948
1673 2 3 4 3620732
1675 2 3 4 3929600
1684 2 3 4 8408400
1687 2 3 4 4230856
1695 2 3 4 4820652
1700 2 3 4 4214712
1716 2 3 4 4467960
1723 2 3 4 3549372
1725 2 3 4 7088204
1726 2 3 4 2706480
1727 2 3 4 4168024
1731 2 3 4 4553472
1735 2 3 4 2956802
1737 2 3 4 8862777
1744 2 3 4 2633856
1745 2 3 4 2683800
1747 2 3 4 7562994
1752 2 3 4 9213440
1759 2 3 4 5494432
1766 2 3 4 4511624
1768 2 3 4 5157216
1769 2 3 4 5068640
1770 2 3 4 6421884
1771 2 3 4 3783000
1774 2 3 4 3427272
1776 2 3 4 3973336
1779 2 3 4 5143230
1783 2 3 4 2624616
1784 2 3 4 9045672
1790 2 3 4 2817600
1791 2 3 4 2528640
1793 2 3 4 8828104
1794 2 3 4 6300540
1797 2 3 4 3955840
1804 2 3 4 3470544
1808 2 3 4 3679698
1811 2 3 4 3351192
1819 2 3 4 3018928
1823 2 3 4 6870000
1826 2 3 4 5507776
1828 2 3 4 3223524
1833 2 3 4 3215300
1844 2 3 4 4568812
1846 2 3 4 4179544
1850 2 3 4 9826272
1857 2 3 4 5330388
1861 2 3 4 2550680
1862 2 3 4 3356520
1863 2 3 4 4445216
1869 2 3 4 3621044
1875 2 3 4 2819504
1877 2 3 4 3923184
1878 2 3 4 6039252
1879 2 3 4 3686200
1880 2 3 4 2774568
1882 2 3 4 8465600
1883 2 3 4 4500720
1886 2 3 4 3057632
1887 2 3 4 3217328
1896 2 3 4 8448864
1898 2 3 4 5268016
1903 2 3 4 2688360
1904 2 3 4 2909445
1906 2 3 4 2538690
1908 2 3 4 3487837
1911 2 3 4 5299480
1912 2 3 4 4111250
1916 2 3 4 3631096
1929 2 3 4 4076505
1931 2 3 4 4611744
1932 2 3 4 2529600
1934 2 3 4 4559808
1945 2 3 4 6321900
1948 2 3 4 5136950
1957 2 3 4 3939696
1964 2 3 4 6563700
1979 2 3 4 3866557
1981 2 3 4 4362708
1986 2 3 4 3628480
1990 2 3 4 3531264
1994 2 3 4 6232248
2014 2 3 4 4628628
2030 2 3 4 4222440
2037 2 3 4 3162864
2044 2 3 4 3369600
2056 2 3 4 3008714
2062 2 3 4 3749160
2068 2 3 4 3417752
2071 2 3 4 5791184
2083 2 3 4 4196400
2100 2 3 4 3538688
2104 2 3 4 4472160
2105 2 3 4 3061008
2107 2 3 4 5031228
2110 2 3 4 4782620
2115 2 3 4 4060170
2116 2 3 4 3619168
2119 2 3 4 3971844
2120 2 3 4 4226500
2129 2 3 4 3871296
2137 2 3 4 3760790
2140 2 3 4 6976879
2149 2 3 4 9766812
2155 2 3 4 3842136
2161 2 3 4 4792536
2165 2 3 4 3930584
2174 2 3 4 3305162
2175 2 3 4 3962598
2186 2 3 4 8375276
2190 2 3 4 5183208
2191 2 3 4 6390640
2196 2 3 4 5161200
2200 2 3 4 7466688
2201 2 3 4 5105964
2202 2 3 4 3499340
2204 2 3 4 6952852
2205 2 3 4 5380096
2220 2 3 4 3864192
2223 2 3 4 7240288
2225 2 3 4 6186048
2232 2 3 4 4855288
2237 2 3 4 3145848
2241 2 3 4 3582984
2242 2 3 4 5423004
2251 2 3 4 4977676
2252 2 3 4 11106304
2255 2 3 4 3336543
2257 2 3 4 6525750
2259 2 3 4 6356880
2265 2 3 4 4586448
2278 2 3 4 5237656
2280 2 3 4 3396568
2286 2 3 4 5010512
2287 2 3 4 3215856
2291 2 3 4 4731840
2294 2 3 4 5089454
2295 2 3 4 3775308
2299 2 3 4 5885434
2301 2 3 4 3868248
2306 2 3 4 3809880
2310 2 3 4 3120592
2324 2 3 4 5798200
2337 2 3 4 4240080
2341 2 3 4 7517380
2364 2 3 4 6063340
2367 2 3 4 4897620
2369 2 3 4 4778550
2373 2 3 4 6301350
2374 2 3 4 9287910
2389 2 3 4 8170720
2391 2 3 4 4590848
2395 2 3 4 7710115
2409 2 3 4 6723692
2411 2 3 4 6371400
2416 2 3 4 5366552
2418 2 3 4 5742660
2422 2 3 4 7524480
2425 2 3 4 6826092
2426 2 3 4 5269744
2440 2 3 4 4790916
2441 2 3 4 3907584
2456 2 3 4 5428500
2468 2 3 4 3510360
2470 2 3 4 5110636
2475 2 3 4 4343934
2477 2 3 4 5435760
2487 2 3 4 8810932
2492 2 3 4 3814128
2495 2 3 4 4595496
2503 2 3 4 3782144
2511 2 3 4 3729880
2524 2 3 4 4652648
2525 2 3 4 4148736
2527 2 3 4 9327152
2529 2 3 4 5223316
2532 2 3 4 7551488
2547 2 3 4 3972072
2548 2 3 4 5274786
2553 2 3 4 6657728
2554 2 3 4 5070000
2565 2 3 4 4326210
2569 2 3 4 4939008
2584 2 3 4 4057610
2593 2 3 4 5915676
2596 2 3 4 6995400
2600 2 3 4 5948874
2601 2 3 4 4475250
2610 2 3 4 4301778
2619 2 3 4 4113528
2622 2 3 4 3509388
2629 2 3 4 6322656
2630 2 3 4 5121984
2641 2 3 4 4721400
2649 2 3 4 5402232
2650 2 3 4 7649226
2652 2 3 4 6174764
2653 2 3 4 6389136
2654 2 3 4 9568976
2658 2 3 4 5231240
2659 2 3 4 4287552
2668 2 3 4 3907024
2671 2 3 4 8646912
2675 2 3 4 8382990
2688 2 3 4 7487373
2700 2 3 4 7346808
2706 2 3 4 4705056
2714 2 3 4 6976164
2716 2 3 4 6321840
2727 2 3 4 6325488
2729 2 3 4 5246682
2733 2 3 4 4783632
2739 2 3 4 8070400
2740 2 3 4 6321312
2746 2 3 4 4078800
2750 2 3 4 5105704
2762 2 3 4 4385832
2770 2 3 4 4988880
2771 2 3 4 4147925
2786 2 3 4 4061820
2792 2 3 4 4111172
2800 2 3 4 7147800
2810 2 3 4 4531163
2827 2 3 4 7500570
2830 2 3 4 4516204
2842 2 3 4 4231500
2854 2 3 4 5961948
2865 2 3 4 8472240
2870 2 3 4 4073400
2874 2 3 4 4943132
2877 2 3 4 4472200
2892 2 3 4 4073760
2894 2 3 4 4635730
2907 2 3 4 4490192
2909 2 3 4 5365248
2921 2 3 4 6178784
2928 2 3 4 5009050
2929 2 3 4 4470888
2952 2 3 4 4531752
2956 2 3 4 10709816
2965 2 3 4 4075456
2966 2 3 4 9141456
2976 2 3 4 6405984
2980 2 3 4 4058020
2993 2 3 4 4321728
3008 2 3 4 4509960
3015 2 3 4 5008284
3030 2 3 4 5410668
3037 2 3 4 7000056
3056 2 3 4 4266054
3059 2 3 4 4511880
3082 2 3 4 7483298
3087 2 3 4 4303896
3098 2 3 4 5855616
3113 2 3 4 4711080
3116 2 3 4 5571598
3142 2 3 4 4756048
3146 2 3 4 9803952
3150 2 3 4 4602474
3158 2 3 4 5122748
3171 2 3 4 7016448
3186 2 3 4 8216516
3201 2 3 4 4730400
3206 2 3 4 5458548
3210 2 3 4 8481125
3232 2 3 4 7465920
3252 2 3 4 5011760
3255 2 3 4 4796587
3259 2 3 4 4879924
3267 2 3 4 4504680
3279 2 3 4 5949300
3286 2 3 4 5320008
3290 2 3 4 4760840
3294 2 3 4 8294622
3305 2 3 4 6858432
3306 2 3 4 4377726
3314 2 3 4 4870992
3322 2 3 4 4383104
3330 2 3 4 4103904
3335 2 3 4 5599500
3339 2 3 4 4875080
3340 2 3 4 5172306
3341 2 3 4 4173728
3348 2 3 4 4991361
3352 2 3 4 5677760
3367 2 3 4 6091190
3393 2 3 4 5308800
3408 2 3 4 5565504
3414 2 3 4 8176284
3443 2 3 4 5010476
3466 2 3 4 7131438
3469 2 3 4 5954144
3476 2 3 4 11293600
3484 2 3 4 6868194
3490 2 3 4 4676672
3492 2 3 4 5844870
3493 2 3 4 4760140
3503 2 3 4 4727268
3531 2 3 4 5074528
3532 2 3 4 8651350
3564 2 3 4 6031776
3579 2 3 4 5195964
3617 2 3 4 6277124
3623 2 3 4 6911424
3629 2 3 4 5202817
3630 2 3 4 10166740
3635 2 3 4 5362752
3641 2 3 4 5925625
3649 2 3 4 11292640
3651 2 3 4 5417280
3655 2 3 4 7953426
3661 2 3 4 5144580
3672 2 3 4 4572810
3686 2 3 4 5424384
3706 2 3 4 4913238
3716 2 3 4 5087208
3721 2 3 4 8220106
3722 2 3 4 9577428
3727 2 3 4 6338723
3733 2 3 4 5200800
3741 2 3 4 7363200
3760 2 3 4 9138360
3769 2 3 4 7941024
3791 2 3 4 6982992
3797 2 3 4 7351960
3799 2 3 4 5338854
3808 2 3 4 5922376
3809 2 3 4 8083152
3810 2 3 4 6960492
3814 2 3 4 5008696
3824 2 3 4 6997896
3826 2 3 4 5197818
3830 2 3 4 5261736
3831 2 3 4 8094720
3837 2 3 4 6678976
3850 2 3 4 5999532
3868 2 3 4 5510736
3906 2 3 4 5740816
3909 2 3 4 7849952
3942 2 3 4 5896864
3966 2 3 4 7399836
3970 2 3 4 6370628
3984 2 3 4 5721408
3994 2 3 4 4660192
4003 2 3 4 9231240
4006 2 3 4 6727580
4008 2 3 4 6519084
4016 2 3 4 7041600
4021 2 3 4 5482464
4022 2 3 4 7533738
4023 2 3 4 8740190
4051 2 3 4 8685375
4073 2 3 4 5256360
4078 2 3 4 4661808
4081 2 3 4 4807054
4096 2 3 4 8665416
4105 2 3 4 7415002
4119 2 3 4 6931104
4143 2 3 4 6061440
4151 2 3 4 7459650
4163 2 3 4 6463600
4182 2 3 4 10351432
4183 2 3 4 6474726
4188 2 3 4 9445400
4195 2 3 4 5267802
4199 2 3 4 5840600
4215 2 3 4 8190944
4242 2 3 4 6570340
4263 2 3 4 5429632
4275 2 3 4 4745024
4277 2 3 4 7743540
4299 2 3 4 4751316
4336 2 3 4 5609940
4339 2 3 4 5324424
4357 2 3 4 10736638
4375 2 3 4 9441480
4388 2 3 4 4784400
4395 2 3 4 6950160
4406 2 3 4 4935168
4417 2 3 4 5271168
4429 2 3 4 10280248
4436 2 3 4 5931780
4443 2 3 4 8450574
4446 2 3 4 6986875
4451 2 3 4 6653696
4467 2 3 4 7710120
4468 2 3 4 5975760
4479 2 3 4 4617090
4490 2 3 4 6808612
4497 2 3 4 6866538
4499 2 3 4 4667408
4522 2 3 4 9579000
4531 2 3 4 4802976
4537 2 3 4 6485724
4546 2 3 4 6775944
4548 2 3 4 6171274
4549 2 3 4 4828413
4579 2 3 4 5588980
4584 2 3 4 7714824
4618 2 3 4 4748484
4625 2 3 4 6187824
4628 2 3 4 9094752
4633 2 3 4 8288416
4635 2 3 4 5292360
4639 2 3 4 6410586
4649 2 3 4 6322248
4650 2 3 4 4866840
4701 2 3 4 7667968
4708 2 3 4 5091632
4716 2 3 4 10052680
4739 2 3 4 7033488
4748 2 3 4 5054960
4758 2 3 4 5848832
4766 2 3 4 5763120
4768 2 3 4 5142500
4771 2 3 4 7718832
4778 2 3 4 4777640
4782 2 3 4 6289218
4783 2 3 4 6665350
4798 2 3 4 6287584
4803 2 3 4 4772400
4804 2 3 4 5926312
4819 2 3 4 6824352
4822 2 3 4 9716163
4835 2 3 4 6745440
4841 2 3 4 5006232
4851 2 3 4 5648598
4852 2 3 4 8833200
4853 2 3 4 8114405
4867 2 3 4 9309448
4868 2 3 4 5221140
4905 2 3 4 6973792
4923 2 3 4 6699624
4946 2 3 4 4837400
4950 2 3 4 4766680
4954 2 3 4 5344444
4965 2 3 4 7743232
4972 2 3 4 5305300
4975 2 3 4 11191032
4984 2 3 4 6829782
4985 2 3 4 5922960
4989 2 3 4 7656924
4994 2 3 4 5066208
5001 2 3 4 5121984
5003 2 3 4 10975742
5006 2 3 4 4935280
5015 2 3 4 5336646
5028 2 3 4 6573630
5030 2 3 4 5511168
5065 2 3 4 9951252
5081 2 3 4 8200800
5086 2 3 4 5343840
5090 2 3 4 7244640
5114 2 3 4 8609491
5136 2 3 4 8599696
5172 2 3 4 7120500
5185 2 3 4 6912742
5194 2 3 4 5860800
5223 2 3 4 11211620
5258 2 3 4 6109320
5261 2 3 4 6055560
5265 2 3 4 9699456
5270 2 3 4 5834640
5272 2 3 4 7756133
5277 2 3 4 6169024
5290 2 3 4 5754816
5293 2 3 4 6547568
5303 2 3 4 10244552
5311 2 3 4 7474032
5329 2 3 4 5524456
5360 2 3 4 6848256
5370 2 3 4 8297488
5410 2 3 4 6608056
5455 2 3 4 5696640
5497 2 3 4 6829632
5501 2 3 4 9806060
5503 2 3 4 8014121
5515 2 3 4 8239728
5516 2 3 4 8469355
5520 2 3 4 7112728
5523 2 3 4 5878290
5544 2 3 4 6050520
5584 2 3 4 6082404
5600 2 3 4 5629320
5604 2 3 4 6261729
5607 2 3 4 6557040
5611 2 3 4 6045286
5614 2 3 4 8094420
5628 2 3 4 5867560
5634 2 3 4 5979768
5661 2 3 4 8003418
5669 2 3 4 5767728
5680 2 3 4 6750480
5687 2 3 4 9415792
5716 2 3 4 6486232
5729 2 3 4 6561708
5731 2 3 4 5780820
5739 2 3 4 6692280
5777 2 3 4 7644357
5778 2 3 4 7330176
5781 2 3 4 7521012
5809 2 3 4 8499456
5813 2 3 4 7898752
5832 2 3 4 5826240
5864 2 3 4 7798504
5936 2 3 4 8279919
5937 2 3 4 5892761
5941 2 3 4 11428984
5942 2 3 4 5805800
5943 2 3 4 7391082
5944 2 3 4 7389232
5948 2 3 4 5972722
5961 2 3 4 7446468
5996 2 3 4 6587466
6002 2 3 4 6196156
6028 2 3 4 5753180
6032 2 3 4 5641458
6033 2 3 4 6448644
6037 2 3 4 5713256
6038 2 3 4 9482360
6077 2 3 4 7572448
6090 2 3 4 5868450
6091 2 3 4 5561052
6102 2 3 4 6779328
6155 2 3 4 6301152
6175 2 3 4 6476820
6194 2 3 4 6075732
6231 2 3 4 10371360
6258 2 3 4 6605200
6264 2 3 4 5815908
6290 2 3 4 5633628
6291 2 3 4 6048768
6314 2 3 4 11275614
6340 2 3 4 7482176
6341 2 3 4 5806164
6343 2 3 4 6852768
6353 2 3 4 6171282
6359 2 3 4 7058880
6367 2 3 4 5754240
6369 2 3 4 6410448
6384 2 3 4 7182468
6390 2 3 4 6565414
6406 2 3 4 5507832
6409 2 3 4 5758944
6453 2 3 4 6580930
6462 2 3 4 8105048
6477 2 3 4 8073255
6489 2 3 4 8651720
6491 2 3 4 5660480
6499 2 3 4 8328384
6512 2 3 4 6825104
6521 2 3 4 10528448
6540 2 3 4 6666240
6542 2 3 4 8379024
6644 2 3 4 7654208
6659 2 3 4 7688864
6670 2 3 4 8778000
6688 2 3 4 6660720
6712 2 3 4 10215230
6732 2 3 4 7459200
6733 2 3 4 7764092
6754 2 3 4 8309340
6786 2 3 4 6256288
6794 2 3 4 6878880
6798 2 3 4 10366606
6816 2 3 4 7066800
6859 2 3 4 6993000
6878 2 3 4 8923424
6893 2 3 4 8261048
6926 2 3 4 6650080
6950 2 3 4 9823176
6952 2 3 4 11373120
7001 2 3 4 8223488
7063 2 3 4 6634576
7064 2 3 4 7123824
7132 2 3 4 7966464
7201 2 3 4 6927160
7230 2 3 4 8682036
7232 2 3 4 6016166
7269 2 3 4 8198816
7296 2 3 4 7070096
7311 2 3 4 7807300
7372 2 3 4 6690720
7408 2 3 4 6148966
7419 2 3 4 7272536
7432 2 3 4 6802744
7484 2 3 4 6602136
7489 2 3 4 9169832
7495 2 3 4 10987491
7524 2 3 4 6406400
7541 2 3 4 6758312
7542 2 3 4 8991450
7549 2 3 4 8213380
7568 2 3 4 7863480
7573 2 3 4 6942012
7576 2 3 4 7141950
7618 2 3 4 11016480
7651 2 3 4 6573592
7660 2 3 4 6928796
7662 2 3 4 8802000
7693 2 3 4 6135504
7705 2 3 4 9036324
7715 2 3 4 7148438
7721 2 3 4 7157452
7743 2 3 4 9223260
7759 2 3 4 7025424
7767 2 3 4 7720674
7784 2 3 4 7076240
7799 2 3 4 8381480
7812 2 3 4 6437844
7878 2 3 4 6078052
7880 2 3 4 8585676
7903 2 3 4 6457968
7919 2 3 4 7998496
7920 2 3 4 9155300
7949 2 3 4 8096550
7951 2 3 4 9531621
7953 2 3 4 7254272
7979 2 3 4 6091008
7987 2 3 4 11122670
7989 2 3 4 9130940
8039 2 3 4 8171480
8133 2 3 4 6234960
8165 2 3 4 10336496
8173 2 3 4 9531200
8193 2 3 4 9747786
8195 2 3 4 6557300
8256 2 3 4 6279712
8269 2 3 4 6652838
8273 2 3 4 7804896
8301 2 3 4 7608396
8315 2 3 4 6977664
8396 2 3 4 7016420
8425 2 3 4 6539436
8442 2 3 4 6024084
8446 2 3 4 8478036
8457 2 3 4 6288992
8473 2 3 4 9196320
8540 2 3 4 6921992
8570 2 3 4 6295707
8607 2 3 4 7601340
8638 2 3 4 6376008
8653 2 3 4 6519084
8701 2 3 4 6063552
8705 2 3 4 6792728
8730 2 3 4 7255616
8760 2 3 4 8367744
8782 2 3 4 7321520
8785 2 3 4 6150304
8791 2 3 4 8464456
8831 2 3 4 7343458
8833 2 3 4 9959264
8850 2 3 4 7118604
8857 2 3 4 11107680
8882 2 3 4 7408600
8885 2 3 4 6656464
8886 2 3 4 8631534
8900 2 3 4 7972380
8918 2 3 4 6871540
8982 2 3 4 6574960
8987 2 3 4 7385628
8998 2 3 4 6943248
9047 2 3 4 10460772
9071 2 3 4 6114778
9076 2 3 4 9149612
9084 2 3 4 7307872
9181 2 3 4 9607968
9182 2 3 4 6167340
9228 2 3 4 10380200
9233 2 3 4 6058872
9242 2 3 4 6559061
9252 2 3 4 6677124
9259 2 3 4 9197760
9301 2 3 4 7297920
9319 2 3 4 7035336
9332 2 3 4 6085244
9377 2 3 4 6834927
9383 2 3 4 6267780
9384 2 3 4 6020850
9454 2 3 4 6363351
9472 2 3 4 7092272
9498 2 3 4 6399440
9510 2 3 4 6644608
9523 2 3 4 8928480
9532 2 3 4 7784122
9581 2 3 4 11272388
9587 2 3 4 10937381
9601 2 3 4 6643780
9647 2 3 4 6279811
9650 2 3 4 6728736
9668 2 3 4 9096720
9687 2 3 4 9943976
9697 2 3 4 6846336
9754 2 3 4 7050912
9791 2 3 4 6916048
9794 2 3 4 7927536
9795 2 3 4 8236080
9828 2 3 4 6624540
9837 2 3 4 9157880
9848 2 3 4 6014120
9867 2 3 4 7180956
9878 2 3 4 7937440
9880 2 3 4 6286056
9916 2 3 4 8451540
9925 2 3 4 8464554
9958 2 3 4 6182544
9972 2 3 4 7393336
9987 2 3 4 6414168
10015 2 3 4 7509348
10028 2 3 4 6648400
10032 2 3 4 6712992
10113 2 3 4 6168980
10124 2 3 4 9090624
10158 2 3 4 7346768
10177 2 3 4 7729656
10187 2 3 4 9302460
10205 2 3 4 6339168
10238 2 3 4 6082424
10246 2 3 4 9487320
10248 2 3 4 8347000
10252 2 3 4 6935646
10263 2 3 4 7028512
10270 2 3 4 9038930
10305 2 3 4 6767808
10306 2 3 4 8600496
10311 2 3 4 7087584
10368 2 3 4 6693900
10382 2 3 4 9229984
10389 2 3 4 7665932
10413 2 3 4 9049372
10469 2 3 4 9857280
10501 2 3 4 7538496
10518 2 3 4 10638544
10525 2 3 4 9801568
10612 2 3 4 8109568
10623 2 3 4 8843208
10640 2 3 4 7265222
10732 2 3 4 7376332
10781 2 3 4 7253820
10791 2 3 4 7450344
10798 2 3 4 7079520
10945 2 3 4 7222824
11053 2 3 4 7265300
11054 2 3 4 8292600
11086 2 3 4 9883360
11097 2 3 4 9556218
11128 2 3 4 7057683
11149 2 3 4 7948320
11158 2 3 4 8062650
11161 2 3 4 9119048
11173 2 3 4 8055344
11179 2 3 4 7071764
11238 2 3 4 8261248
11239 2 3 4 10290672
11295 2 3 4 8465877
11310 2 3 4 9128328
11383 2 3 4 9140425
11460 2 3 4 7738794
11469 2 3 4 7206885
11561 2 3 4 9145728
11564 2 3 4 8864856
11631 2 3 4 7036266
11637 2 3 4 10783368
11646 2 3 4 9065848
11682 2 3 4 7582300
11723 2 3 4 10131933
11765 2 3 4 8044800
11792 2 3 4 10390090
11816 2 3 4 10593024
11866 2 3 4 7888704
12032 2 3 4 7488052
12116 2 3 4 7760640
12148 2 3 4 7080978
12183 2 3 4 9487320
12200 2 3 4 7122944
12231 2 3 4 7162830
12342 2 3 4 7210346
12400 2 3 4 7281100
12407 2 3 4 7900416
12599 2 3 4 8175288
12643 2 3 4 8785710
12684 2 3 4 8821080
12695 2 3 4 8981112
12700 2 3 4 7842100
12712 2 3 4 7009632
12734 2 3 4 7323424
12754 2 3 4 11272566
12770 2 3 4 7607380
12801 2 3 4 7293410
12855 2 3 4 10032624
12856 2 3 4 7187730
12915 2 3 4 7701606
13134 2 3 4 7279488
13177 2 3 4 7129380
13190 2 3 4 8550696
13231 2 3 4 9953280
13248 2 3 4 8158722
13268 2 3 4 7264148
13298 2 3 4 9738876
13347 2 3 4 7760081
13350 2 3 4 7595640
13356 2 3 4 8736896
13428 2 3 4 9415644
13467 2 3 4 8728420
13489 2 3 4 8865024
13496 2 3 4 7687812
13503 2 3 4 8223520
13529 2 3 4 8758236
13535 2 3 4 7677618
13618 2 3 4 7492504
13630 2 3 4 7395168
13714 2 3 4 7134520
13768 2 3 4 7914582
13787 2 3 4 9169686
13817 2 3 4 10616112
13854 2 3 4 9081914
13865 2 3 4 8891922
13905 2 3 4 7428078
13927 2 3 4 8551688
13948 2 3 4 9809838
13998 2 3 4 8588380
14042 2 3 4 9120114
14098 2 3 4 7010344
14146 2 3 4 7690970
14171 2 3 4 9707616
14225 2 3 4 8494096
14294 2 3 4 10343200
14336 2 3 4 8230320
14417 2 3 4 10441536
14482 2 3 4 7771904
14483 2 3 4 8039269
14583 2 3 4 8889910
14600 2 3 4 8183000
14656 2 3 4 7901304
14659 2 3 4 9155592
14668 2 3 4 7746138
14694 2 3 4 8096916
14710 2 3 4 9528024
14739 2 3 4 9111640
14748 2 3 4 10869696
14765 2 3 4 8553600
14797 2 3 4 7508240
14846 2 3 4 8477980
14858 2 3 4 8207328
14883 2 3 4 9129342
14885 2 3 4 8385040
14945 2 3 4 8986896
14991 2 3 4 8767500
14999 2 3 4 7867200
15111 2 3 4 9207000
15115 2 3 4 8002344
15143 2 3 4 7800858
15188 2 3 4 10374144
15207 2 3 4 8636960
15240 2 3 4 7770258
15339 2 3 4 8097488
15374 2 3 4 8495376
15387 2 3 4 9571818
15649 2 3 4 8478040
15667 2 3 4 7903360
15670 2 3 4 9275096
15764 2 3 4 11395818
15768 2 3 4 9832896
15828 2 3 4 7563218
16053 2 3 4 9311400
16062 2 3 4 8720188
16073 2 3 4 8154432
16091 2 3 4 8652448
16092 2 3 4 11040624
16110 2 3 4 7654608
16224 2 3 4 7841950
16249 2 3 4 7921292
16263 2 3 4 7843294
16299 2 3 4 9254370
16352 2 3 4 10220100
16434 2 3 4 10870832
16451 2 3 4 7739802
16527 2 3 4 7874230
16564 2 3 4 7650608
16605 2 3 4 10950898
16654 2 3 4 8212032
16676 2 3 4 8184000
16978 2 3 4 8133504
16983 2 3 4 8857200
17007 2 3 4 8456880
17045 2 3 4 9385864
17082 2 3 4 8524208
17202 2 3 4 7659184
17244 2 3 4 8321654
17451 2 3 4 9232272
17527 2 3 4 7706280
17627 2 3 4 8406684
17656 2 3 4 9455632
17668 2 3 4 7779744
17815 2 3 4 9408634
17978 2 3 4 11012280
18032 2 3 4 10830550
18064 2 3 4 7691922
18067 2 3 4 10300800
18100 2 3 4 8697088
18108 2 3 4 7810992
18131 2 3 4 8348560
18271 2 3 4 9010560
18305 2 3 4 7722336
18319 2 3 4 8556768
18376 2 3 4 8315824
18378 2 3 4 8351100
18383 2 3 4 7664277
18403 2 3 4 7554200
18472 2 3 4 8489250
18489 2 3 4 8543232
18512 2 3 4 10062000
18681 2 3 4 10624800
18706 2 3 4 9751192
18725 2 3 4 8585491
18739 2 3 4 9089820
18740 2 3 4 8596368
18811 2 3 4 10037888
18825 2 3 4 9283020
18857 2 3 4 8223236
18923 2 3 4 10621050
18934 2 3 4 7878060
18948 2 3 4 9562928
18963 2 3 4 10437336
18978 2 3 4 7887728
19073 2 3 4 9135576
19122 2 3 4 9633888
19182 2 3 4 9088352
19306 2 3 4 7593376
19343 2 3 4 7615622
19349 2 3 4 9692928
19386 2 3 4 9043056
19432 2 3 4 8995208
19548 2 3 4 8598116
19585 2 3 4 10900680
19618 2 3 4 7574784
19654 2 3 4 9925216
19703 2 3 4 7549632
19707 2 3 4 9106720
19744 2 3 4 8259260
19814 2 3 4 8527680
19860 2 3 4 8473696
19899 2 3 4 9772508
20093 2 3 4 7920640
20113 2 3 4 7560544
20116 2 3 4 7563614
20125 2 3 4 9507771
20175 2 3 4 8642972
20225 2 3 4 8526960
20227 2 3 4 8780672
20530 2 3 4 8510130
20765 2 3 4 11455380
20807 2 3 4 10697288
20873 2 3 4 10370460
20879 2 3 4 8110400
20920 2 3 4 8291952
21013 2 3 4 9792160
21035 2 3 4 8005312
21126 2 3 4 8184372
21328 2 3 4 8543388
21478 2 3 4 8598180
21530 2 3 4 10359960
21583 2 3 4 10385180
21686 2 3 4 10860592
21695 2 3 4 10999008
21832 2 3 4 11040704
21882 2 3 4 8861760
21925 2 3 4 8870862
22058 2 3 4 8563400
22153 2 3 4 9783360
22231 2 3 4 10359844
22240 2 3 4 8785428
22330 2 3 4 9294750
22541 2 3 4 9273330
22587 2 3 4 9536016
22822 2 3 4 9326516
22923 2 3 4 9158380
23160 2 3 4 9029332
23280 2 3 4 10994788
23333 2 3 4 8617620
23399 2 3 4 8910045
23494 2 3 4 10359360
23497 2 3 4 8958102
23609 2 3 4 10524045
23623 2 3 4 9694242
23636 2 3 4 8925432
23664 2 3 4 10432800
23689 2 3 4 8866956
23710 2 3 4 8890660
23711 2 3 4 10166408
23766 2 3 4 9803464
23833 2 3 4 10184960
23844 2 3 4 10016568
24143 2 3 4 8541300
24153 2 3 4 10585080
24274 2 3 4 10669914
24277 2 3 4 9110640
24282 2 3 4 10042020
24528 2 3 4 10914500
24633 2 3 4 9055758
24761 2 3 4 9864768
24807 2 3 4 8684520
24818 2 3 4 11360286
25092 2 3 4 9682062
25189 2 3 4 9775300
25243 2 3 4 8913072
25454 2 3 4 9235440
25510 2 3 4 10516688
25516 2 3 4 11294712
25518 2 3 4 11122170
25630 2 3 4 9993408
25779 2 3 4 8595504
25944 2 3 4 9360540
25968 2 3 4 10377060
26513 2 3 4 8581600
26538 2 3 4 10796526
26697 2 3 4 9212904
26712 2 3 4 11147052
26715 2 3 4 9323010
26802 2 3 4 9123972
26889 2 3 4 10974348
26951 2 3 4 11305216
27102 2 3 4 8852480
27128 2 3 4 9064248
27155 2 3 4 10917456
27223 2 3 4 9075270
27291 2 3 4 8566292
27438 2 3 4 9325780
27515 2 3 4 8657844
27518 2 3 4 9374548
27580 2 3 4 8713320
27730 2 3 4 8563646
27758 2 3 4 9069840
27797 2 3 4 8660256
27931 2 3 4 8965280
28026 2 3 4 9096920
28328 2 3 4 9450362
28667 2 3 4 9257820
28668 2 3 4 8588472
28716 2 3 4 10204488
28779 2 3 4 11225940
28791 2 3 4 8943102
28912 2 3 4 8835840
28999 2 3 4 9667268
29116 2 3 4 8621392
29255 2 3 4 9853312
29263 2 3 4 9624552
29296 2 3 4 10080623
29391 2 3 4 8777052
29430 2 3 4 8954540
29680 2 3 4 9077008
29741 2 3 4 10786160
29746 2 3 4 10627312
29756 2 3 4 8724672
29901 2 3 4 10479436
29982 2 3 4 8679312
30066 2 3 4 9763044
30178 2 3 4 9392922
30245 2 3 4 10130400
30280 2 3 4 10395840
30383 2 3 4 9652256
30502 2 3 4 9359856
30562 2 3 4 9755790
30597 2 3 4 8994700
30606 2 3 4 9407718
30723 2 3 4 10633632
30903 2 3 4 11183616
31121 2 3 4 9415272
31218 2 3 4 8860445
31242 2 3 4 8965280
31296 2 3 4 9905744
31308 2 3 4 8571720
31368 2 3 4 10174960
31507 2 3 4 10334835
31838 2 3 4 9145680
31863 2 3 4 8535616
31996 2 3 4 8875566
32162 2 3 4 10842260
32243 2 3 4 8724780
32287 2 3 4 8874684
32298 2 3 4 9455504
32429 2 3 4 9195120
32449 2 3 4 10112544
32464 2 3 4 10881592
32677 2 3 4 11048400
33150 2 3 4 10274080
33215 2 3 4 10290240
33238 2 3 4 9202344
33290 2 3 4 9477160
33557 2 3 4 9896754
33643 2 3 4 9997904
33716 2 3 4 10901440
33802 2 3 4 10123334
33852 2 3 4 9321224
33862 2 3 4 9410624
34451 2 3 4 9225600
34515 2 3 4 9689400
34533 2 3 4 9064000
34549 2 3 4 9536898
34654 2 3 4 9973128
34815 2 3 4 9099480
34828 2 3 4 9661408
34904 2 3 4 9425514
34980 2 3 4 10669461
35017 2 3 4 9645168
35150 2 3 4 9272340
35174 2 3 4 10322928
35240 2 3 4 11366104
35518 2 3 4 9378368
35683 2 3 4 9933034
35958 2 3 4 9665520
36003 2 3 4 9623702
36091 2 3 4 10393664
36123 2 3 4 10303240
36152 2 3 4 10643696
36355 2 3 4 11494912
36587 2 3 4 11414032
36786 2 3 4 9632952
36788 2 3 4 10234644
36801 2 3 4 10661951
36882 2 3 4 10855296
36920 2 3 4 9791790
37110 2 3 4 10133784
37148 2 3 4 10570194
37170 2 3 4 10875648
37259 2 3 4 9914944
37413 2 3 4 11332640
37525 2 3 4 10292832
37539 2 3 4 9852960
37544 2 3 4 9518532
37576 2 3 4 9912296
37760 2 3 4 10702912
37803 2 3 4 10974856
37852 2 3 4 9725256
38154 2 3 4 11014300
38194 2 3 4 9743488
38648 2 3 4 11242168
38906 2 3 4 10200164
39533 2 3 4 11134046
40103 2 3 4 9896640
40160 2 3 4 11061019
40569 2 3 4 10596852
40571 2 3 4 10031600
40648 2 3 4 10019514
40772 2 3 4 9806850
41011 2 3 4 10135288
41056 2 3 4 10817376
41071 2 3 4 9502662
41076 2 3 4 9613240
41202 2 3 4 9882146
41307 2 3 4 11189440
41429 2 3 4 10737288
41636 2 3 4 10989258
41708 2 3 4 10384556
41906 2 3 4 10759205
41999 2 3 4 9579196
42049 2 3 4 9825966
42055 2 3 4 10090268
42710 2 3 4 9520602
42828 2 3 4 10050768
42836 2 3 4 9530880
42979 2 3 4 11402920
43169 2 3 4 10376448
43185 2 3 4 11129188
43627 2 3 4 11005691
43859 2 3 4 11193732
43974 2 3 4 10950030
43982 2 3 4 11108160
44394 2 3 4 9602312
44554 2 3 4 10711890
44821 2 3 4 9582328
44977 2 3 4 10241568
45023 2 3 4 10722040
45204 2 3 4 11069760
45241 2 3 4 10379740
45269 2 3 4 9995744
45292 2 3 4 10407972
45693 2 3 4 10559172
45949 2 3 4 9644026
46016 2 3 4 9542954
46028 2 3 4 11064816
46068 2 3 4 9548352
46295 2 3 4 11486982
46561 2 3 4 9745440
46783 2 3 4 10757720
46848 2 3 4 9752214
46912 2 3 4 9546768
46959 2 3 4 11175624
46988 2 3 4 10924540
47326 2 3 4 11325732
47336 2 3 4 11103456
47404 2 3 4 10095192
47602 2 3 4 10942448
47607 2 3 4 9764524
47675 2 3 4 9620930
47961 2 3 4 9828672
48065 2 3 4 11440500
48460 2 3 4 10732344
48811 2 3 4 9675512
48955 2 3 4 10262120
49276 2 3 4 10662336
49469 2 3 4 9978144
49639 2 3 4 10699766
49692 2 3 4 9905600
49770 2 3 4 10955304
49957 2 3 4 10378056
50187 2 3 4 10515253
50459 2 3 4 10357848
50709 2 3 4 10435392
50927 2 3 4 9989760
51027 2 3 4 11294710
51284 2 3 4 10467600
51327 2 3 4 10540320
51382 2 3 4 10815552
51789 2 3 4 10443478
51875 2 3 4 10007088
52253 2 3 4 10475568
52308 2 3 4 9941768
52400 2 3 4 10677520
52574 2 3 4 11451096
52669 2 3 4 10304240
52743 2 3 4 10979540
52814 2 3 4 10041600
53092 2 3 4 10571616
53129 2 3 4 9890784
53948 2 3 4 10771552
53990 2 3 4 11285178
54660 2 3 4 10020393
54672 2 3 4 10308298
54733 2 3 4 10179456
55345 2 3 4 10428600
55675 2 3 4 10948752
55947 2 3 4 11258342
55957 2 3 4 10098400
56742 2 3 4 10192518
56893 2 3 4 11476080
57112 2 3 4 10491250
57631 2 3 4 10862356
57755 2 3 4 10147488
57798 2 3 4 11275302
57814 2 3 4 10259480
57868 2 3 4 10003176
57883 2 3 4 11494616
58167 2 3 4 10192590
59337 2 3 4 10835682
59457 2 3 4 10582286
59548 2 3 4 10278912
60389 2 3 4 11361975
60568 2 3 4 10326264
60896 2 3 4 11121264
61161 2 3 4 10152744
61184 2 3 4 10820430
61205 2 3 4 10855488
61391 2 3 4 10384593
61474 2 3 4 11148192
61699 2 3 4 10489728
62727 2 3 4 10321344
63335 2 3 4 11066328
64463 2 3 4 11131668
64530 2 3 4 11332322
64816 2 3 4 10723888
64874 2 3 4 10036256
65080 2 3 4 10384616
65581 2 3 4 10421320
65920 2 3 4 11247952
66372 2 3 4 10591928
67476 2 3 4 10692288
67705 2 3 4 10926468
69385 2 3 4 11252745
69417 2 3 4 11497808
69669 2 3 4 10573500
69958 2 3 4 11007024
70613 2 3 4 10773120
70927 2 3 4 11482640
71127 2 3 4 10851074
71924 2 3 4 10864206
72999 2 3 4 11361306
73459 2 3 4 10869760
73640 2 3 4 10721832
74663 2 3 4 10880848
75117 2 3 4 11135710
75181 2 3 4 10556928
75326 2 3 4 11337984
75527 2 3 4 10663632
76124 2 3 4 11331040
76615 2 3 4 11147688
76747 2 3 4 11159680
77466 2 3 4 10960098
77499 2 3 4 10846040
77536 2 3 4 11106792
78800 2 3 4 10929856
79215 2 3 4 11337840
79845 2 3 4 10531404
79959 2 3 4 10501608
81490 2 3 4 10714275
81970 2 3 4 10633592
82368 2 3 4 11236530
83065 2 3 4 11456222
83820 2 3 4 11138080
84077 2 3 4 10742160
84320 2 3 4 10819824
84587 2 3 4 11343192
84967 2 3 4 11261836
85684 2 3 4 11370640
85913 2 3 4 11484352
86607 2 3 4 10755448
87783 2 3 4 10529250
87951 2 3 4 11266886
89262 2 3 4 11448840
89945 2 3 4 11431520
90638 2 3 4 11483640
91649 2 3 4 10558408
91716 2 3 4 11128728
92332 2 3 4 11182850
92405 2 3 4 10540782
92427 2 3 4 11152544
93258 2 3 4 11373648
93588 2 3 4 11445904
95196 2 3 4 11246084
95740 2 3 4 11136252
96415 2 3 4 11163900
99067 2 3 4 11305650
99107 2 3 4 11358904
99297 2 3 4 11440032
99597 2 3 4 11363454
99903 2 3 4 11377008
30 2 4 4 11375868
87 2 4 4 11071768
2 2 3 4 1843136
3 2 3 4 4434100
4 2 3 4 3076920
5 2 3 4 3051852
6 2 3 4 1796128
7 2 3 4 6891048
8 2 3 4 3939208
11 2 3 4 1669008
12 2 3 4 2062260
13 2 3 4 3765028
16 2 3 4 5440944
17 2 3 4 5524100
19 2 3 4 6953760
20 2 3 4 2962400
21 2 3 4 1648320
25 2 3 4 5626368
26 2 3 4 1610767
29 2 3 4 3889480
31 2 3 4 2040792
32 2 3 4 1586912
33 2 3 4 8483920
36 2 3 4 6784308
37 2 3 4 2264672
38 2 3 4 4061960
41 2 3 4 4336100
42 2 3 4 1560932
44 2 3 4 1658800
49 2 3 4 6063552
53 2 3 4 5433560
56 2 3 4 3224826
62 2 3 4 2632912
66 2 3 4 8077608
68 2 3 4 8090450
69 2 3 4 2022048
71 2 3 4 1514581
72 2 3 4 1655296
74 2 3 4 5212480
75 2 3 4 1738440
78 2 3 4 5540280
79 2 3 4 3470346
80 2 3 4 2691792
82 2 3 4 9002298
85 2 3 4 3498660
88 2 3 4 2134002
92 2 3 4 1774008
93 2 3 4 4031547
96 2 3 4 2213280
100 2 3 4 1888848
105 2 3 4 5473188
106 2 3 4 8692110
110 2 3 4 2962048
112 2 3 4 4091088
113 2 3 4 5544936
115 2 3 4 3693408
116 2 3 4 3309735
118 2 3 4 4454824
119 2 3 4 3202920
120 2 3 4 7399968
121 2 3 4 3859544
123 2 3 4 8873388
125 2 3 4 2558628
126 2 3 4 4790384
129 2 3 4 3986713
133 2 3 4 2434812
134 2 3 4 1667744
135 2 3 4 3849640
138 2 3 4 3486720
139 2 3 4 10340852
143 2 3 4 5861376
144 2 3 4 2687800
145 2 3 4 3309852
151 2 3 4 4600570
152 2 3 4 4119156
153 2 3 4 3382456
156 2 3 4 1568120
157 2 3 4 3260224
158 2 3 4 2316960
161 2 3 4 7428960
162 2 3 4 15372462
165 2 3 4 1762560
166 2 3 4 2039392
167 2 3 4 1645896
170 2 3 4 3395744
172 2 3 4 9521526
173 2 3 4 8250360
177 2 3 4 5460096
180 2 3 4 1751760
181 2 3 4 4699128
182 2 3 4 2344160
183 2 3 4 3350498
184 2 3 4 1648440
188 2 3 4 1555874
190 2 3 4 4850400
194 2 3 4 5541088
197 2 3 4 2651184
202 2 3 4 1630720
206 2 3 4 3360928
207 2 3 4 2147974
208 2 3 4 2050240
211 2 3 4 2058560
216 2 3 4 2185020
224 2 3 4 2488000
226 2 3 4 2111900
231 2 3 4 2004000
235 2 3 4 3545700
236 2 3 4 2993070
237 2 3 4 6592512
238 2 3 4 1765456
240 2 3 4 3988200
241 2 3 4 1815264
245 2 3 4 2229552
246 2 3 4 2057496
247 2 3 4 1795365
248 2 3 4 5285040
249 2 3 4 2839600
251 2 3 4 3093792
253 2 3 4 2191680
254 2 3 4 1550548
255 2 3 4 2395120
259 2 3 4 1844672
261 2 3 4 2891442
263 2 3 4 2296800
268 2 3 4 3628352
270 2 3 4 1582632
271 2 3 4 1887768
275 2 3 4 5636176
277 2 3 4 8138858
278 2 3 4 3591684
280 2 3 4 4729043
284 2 3 4 4112619
288 2 3 4 2760120
289 2 3 4 2564240
292 2 3 4 2027520
294 2 3 4 3000320
297 2 3 4 2830968
303 2 3 4 4824780
304 2 3 4 5579310
305 2 3 4 5672896
306 2 3 4 3290004
308 2 3 4 1541436
310 2 3 4 5409604
315 2 3 4 2196576
316 2 3 4 3424576
318 2 3 4 4103232
320 2 3 4 1633030
324 2 3 4 1669416
335 2 3 4 2239545
340 2 3 4 1840416
344 2 3 4 8158752
345 2 3 4 3423504
346 2 3 4 2459016
354 2 3 4 3953222
358 2 3 4 2150736
359 2 3 4 5325300
360 2 3 4 3599518
361 2 3 4 7285904
362 2 3 4 4642464
364 2 3 4 3027360
366 2 3 4 3623130
367 2 3 4 1576512
368 2 3 4 7783210
369 2 3 4 2516952
372 2 3 4 3167616
373 2 3 4 2977104
375 2 3 4 1768448
380 2 3 4 2513700
385 2 3 4 2711730
390 2 3 4 4211200
391 2 3 4 3964180
392 2 3 4 2765324
397 2 3 4 10180921
399 2 3 4 6262176
400 2 3 4 5889112
411 2 3 4 8108376
413 2 3 4 8781292
418 2 3 4 3561768
422 2 3 4 6372600
427 2 3 4 3739200
428 2 3 4 3743128
433 2 3 4 4760000
438 2 3 4 8230992
445 2 3 4 4082944
452 2 3 4 8698688
461 2 3 4 3714030
462 2 3 4 4700484
474 2 3 4 5059776
477 2 3 4 10471240
480 2 3 4 4939008
484 2 3 4 4466932
485 2 3 4 4334256
487 2 3 4 3954368
490 2 3 4 7344944
491 2 3 4 5433120
492 2 3 4 5379712
500 2 3 4 5448976
504 2 3 4 3687720
505 2 3 4 3889872
506 2 3 4 4088652
513 2 3 4 5008312
515 2 3 4 3923424
518 2 3 4 8326383
525 2 3 4 6423138
529 2 3 4 3963792
532 2 3 4 3615570
535 2 3 4 5449448
536 2 3 4 6106256
539 2 3 4 3853408
540 2 3 4 5989344
553 2 3 4 3763728
555 2 3 4 4096560
557 2 3 4 5928000
558 2 3 4 4904900
563 2 3 4 3644072
574 2 3 4 10870912
578 2 3 4 9036240
583 2 3 4 4482816
584 2 3 4 4659840
592 2 3 4 3593848
594 2 3 4 7064900
597 2 3 4 10739701
607 2 3 4 3513356
609 2 3 4 5518008
611 2 3 4 4447680
612 2 3 4 6025140
613 2 3 4 3805892
614 2 3 4 4112000
618 2 3 4 4357888
625 2 3 4 6034358
645 2 3 4 5529384
647 2 3 4 6435910
650 2 3 4 6452856
652 2 3 4 4477152
653 2 3 4 10321856
659 2 3 4 5812920
663 2 3 4 10495962
677 2 3 4 5324256
678 2 3 4 3651480
684 2 3 4 3688368
691 2 3 4 3773985
697 2 3 4 4594625
705 2 3 4 4621392
711 2 3 4 5191560
725 2 3 4 7859670
731 2 3 4 5718064
733 2 3 4 4498650
739 2 3 4 5114280
742 2 3 4 4108036
753 2 3 4 3786872
754 2 3 4 4449052
755 2 3 4 6145140
763 2 3 4 4137468
764 2 3 4 4397760
780 2 3 4 4715520
781 2 3 4 5853320
787 2 3 4 6739560
788 2 3 4 4330944
791 2 3 4 5265574
792 2 3 4 9330294
799 2 3 4 7165759
807 2 3 4 8354584
809 2 3 4 4318836
816 2 3 4 5052960
819 2 3 4 7016702
824 2 3 4 5515755
828 2 3 4 9507960
829 2 3 4 5584572
832 2 3 4 8747640
837 2 3 4 4953708
846 2 3 4 7548816
853 2 3 4 4233396
855 2 3 4 4271880
857 2 3 4 4599180
877 2 3 4 6942600
882 2 3 4 7175420
907 2 3 4 6985016
927 2 3 4 7478700
940 2 3 4 11386830
955 2 3 4 7679056
969 2 3 4 5583300
981 2 3 4 5756625
992 2 3 4 5809454
1006 2 3 4 5742765
1028 2 3 4 10391892
1050 2 3 4 5829120
1083 2 3 4 5849376
1127 2 3 4 8314112
1173 2 3 4 5762928
1178 2 3 4 12804480
1180 2 3 4 6740440
1181 2 3 4 6185808
1188 2 3 4 9274980
1206 2 3 4 10014058
1222 2 3 4 5773152
1225 2 3 4 8175504
1236 2 3 4 6130880
1247 2 3 4 7990080
1249 2 3 4 6283952
1256 2 3 4 9490968
1281 2 3 4 9507940
1290 2 3 4 7206059
1300 2 3 4 5713160
1309 2 3 4 6833184
1316 2 3 4 7942640
1328 2 3 4 6255793
1359 2 3 4 7803102
1377 2 3 4 7115118
1392 2 3 4 5599800
1405 2 3 4 6991848
1406 2 3 4 5623200
1415 2 3 4 5532450
1436 2 3 4 7088352
1438 2 3 4 7558889
1446 2 3 4 9535420
1449 2 3 4 6674038
1480 2 3 4 6140704
1485 2 3 4 5628000
1496 2 3 4 5985960
1498 2 3 4 8339036
1500 2 3 4 7881072
1501 2 3 4 7292376
1507 2 3 4 5908800
1508 2 3 4 7052886
1525 2 3 4 5569404
1533 2 3 4 5986704
1538 2 3 4 5662404
1569 2 3 4 5820688
1594 2 3 4 6152460
1606 2 3 4 5732040
1658 2 3 4 13579488
1659 2 3 4 6139012
1684 2 3 4 8408400
1725 2 3 4 7088204
1737 2 3 4 8862777
1747 2 3 4 7562994
1752 2 3 4 9213440
1770 2 3 4 6421884
1784 2 3 4 9045672
1793 2 3 4 8828104
1794 2 3 4 6300540
1823 2 3 4 6870000
1826 2 3 4 5507776
1850 2 3 4 9826272
1878 2 3 4 6039252
1882 2 3 4 8465600
1896 2 3 4 8448864
1940 2 3 4 14674400
1945 2 3 4 6321900
1964 2 3 4 6563700
1994 2 3 4 6232248
2012 2 3 4 11591952
14 2 4 4 5359040
23 2 4 4 22531276
24 2 4 4 4703172
27 2 4 4 14374654
30 2 4 4 11375868
34 2 4 4 4702026
35 2 4 4 7287900
40 2 4 4 7369570
58 2 4 4 8617052
59 2 4 4 9903256
63 2 4 4 13802304
73 2 4 4 6556052
76 2 4 4 16654200
77 2 4 4 20773652
81 2 4 4 14699141
83 2 4 4 23540374
84 2 4 4 8420732
87 2 4 4 11071768
89 2 4 4 5785063
91 2 4 4 9349145
95 2 4 4 9724547
101 2 4 4 9275072
104 2 4 4 11192040
108 2 4 4 3712248
109 2 4 4 15787734
124 2 4 4 13072540
130 2 4 4 18240028
132 2 4 4 12837540
140 2 4 4 6124024
141 2 4 4 2845520
142 2 4 4 14769414
148 2 4 4 1600992
150 2 4 4 4666702
154 2 4 4 16289108
163 2 4 4 10394736
164 2 4 4 11940422
168 2 4 4 10207578
171 2 4 4 8032484
175 2 4 4 11474196
178 2 4 4 17405840
179 2 4 4 12417366
189 2 4 4 13116860
195 2 4 4 14555432
196 2 4 4 18635636
198 2 4 4 11430146
203 2 4 4 8851433
209 2 4 4 7530278
210 2 4 4 22722844
219 2 4 4 10507512
221 2 4 4 11537536
222 2 4 4 5247024
225 2 4 4 15879851
232 2 4 4 13545830
242 2 4 4 9841602
244 2 4 4 8517418
250 2 4 4 22652598
252 2 4 4 10253616
256 2 4 4 15385600
257 2 4 4 8080228
258 2 4 4 7094444
262 2 4 4 8594208
264 2 4 4 8140114
272 2 4 4 9640620
279 2 4 4 5287188
282 2 4 4 2257176
283 2 4 4 19796208
287 2 4 4 13966316
290 2 4 4 10078830
295 2 4 4 10894392
300 2 4 4 21195528
301 2 4 4 20239612
302 2 4 4 14270967
307 2 4 4 6560492
313 2 4 4 23062884
314 2 4 4 9663136
321 2 4 4 24859260
322 2 4 4 19427504
323 2 4 4 23134758
325 2 4 4 12235824
326 2 4 4 18039054
327 2 4 4 21114048
328 2 4 4 20260221
330 2 4 4 28551626
331 2 4 4 6076800
333 2 4 4 18136552
334 2 4 4 11825166
336 2 4 4 9665652
342 2 4 4 7759992
343 2 4 4 28123997
348 2 4 4 14530382
351 2 4 4 7906561
352 2 4 4 20097432
355 2 4 4 21921112
356 2 4 4 23380340
357 2 4 4 8602305
363 2 4 4 12876794
370 2 4 4 10174736
376 2 4 4 14773857
378 2 4 4 29899320
379 2 4 4 8726950
381 2 4 4 16269186
383 2 4 4 20744032
386 2 4 4 7570327
387 2 4 4 10797370
393 2 4 4 11524808
396 2 4 4 8160360
398 2 4 4 7184076
407 2 4 4 9061716
408 2 4 4 7935936
409 2 4 4 17375340
410 2 4 4 5633324
414 2 4 4 10983244
415 2 4 4 9721906
416 2 4 4 9626880
419 2 4 4 22158672
420 2 4 4 13199342
423 2 4 4 10106600
424 2 4 4 14399742
426 2 4 4 23448996
430 2 4 4 12574084
434 2 4 4 18959624
436 2 4 4 4147824
439 2 4 4 21657536
440 2 4 4 6127764
442 2 4 4 8271300
443 2 4 4 14211474
449 2 4 4 18566468
454 2 4 4 5347696
459 2 4 4 6980004
460 2 4 4 24291365
465 2 4 4 12624680
466 2 4 4 6439711
469 2 4 4 9034538
470 2 4 4 9784045
473 2 4 4 12999678
475 2 4 4 26406160
478 2 4 4 5664008
481 2 4 4 7024092
486 2 4 4 16454308
488 2 4 4 8949820
489 2 4 4 9554340
494 2 4 4 7035996
507 2 4 4 5102652
510 2 4 4 6941312
512 2 4 4 12165344
521 2 4 4 6037656
523 2 4 4 14860320
524 2 4 4 10062672
530 2 4 4 22701012
534 2 4 4 21665130
538 2 4 4 13761016
544 2 4 4 6588132
547 2 4 4 15099464
550 2 4 4 16170508
551 2 4 4 4094776
552 2 4 4 4243016
556 2 4 4 14450206
564 2 4 4 6370224
567 2 4 4 9204716
570 2 4 4 10077008
575 2 4 4 13005852
576 2 4 4 7438231
581 2 4 4 5165772
585 2 4 4 18388802
587 2 4 4 13360295
589 2 4 4 22301474
591 2 4 4 14772538
596 2 4 4 8671672
599 2 4 4 14301408
600 2 4 4 12492288
601 2 4 4 15842392
604 2 4 4 11267654
608 2 4 4 15627462
616 2 4 4 24782112
620 2 4 4 14194088
622 2 4 4 18016925
624 2 4 4 8913896
628 2 4 4 18351931
630 2 4 4 13005683
631 2 4 4 5290432
633 2 4 4 4851448
634 2 4 4 21079848
637 2 4 4 6676660
639 2 4 4 5577684
640 2 4 4 14190772
642 2 4 4 15392024
651 2 4 4 15977832
656 2 4 4 11202912
658 2 4 4 12265916
667 2 4 4 7534008
669 2 4 4 14651880
670 2 4 4 6047940
672 2 4 4 22181168
682 2 4 4 8388222
692 2 4 4 10291464
698 2 4 4 16155876
702 2 4 4 26327592
707 2 4 4 9932960
715 2 4 4 14735320
719 2 4 4 19368536
722 2 4 4 14563848
726 2 4 4 4231298
732 2 4 4 16164412
735 2 4 4 7087303
736 2 4 4 7020350
740 2 4 4 12432078
747 2 4 4 8110658
748 2 4 4 18442340
752 2 4 4 25090440
758 2 4 4 14162770
762 2 4 4 14599678
765 2 4 4 27007798
767 2 4 4 6688464
770 2 4 4 13819184
772 2 4 4 15353420
773 2 4 4 9177576
790 2 4 4 6044096
793 2 4 4 20146948
794 2 4 4 12386609
797 2 4 4 24316506
801 2 4 4 8539896
804 2 4 4 10597628
806 2 4 4 4313105
808 2 4 4 5916888
812 2 4 4 20224498
814 2 4 4 5657019
822 2 4 4 3422678
825 2 4 4 10447522
831 2 4 4 13920400
835 2 4 4 12483468
836 2 4 4 9741360
841 2 4 4 15171972
844 2 4 4 27804657
845 2 4 4 14597088
847 2 4 4 10688368
850 2 4 4 21580928
851 2 4 4 13990518
856 2 4 4 11914754
858 2 4 4 8932304
861 2 4 4 4827152
862 2 4 4 11075934
863 2 4 4 12486866
864 2 4 4 8798586
866 2 4 4 20987586
867 2 4 4 2728788
870 2 4 4 14856815
888 2 4 4 8760118
897 2 4 4 16142432
898 2 4 4 4944270
900 2 4 4 10678192
906 2 4 4 12185432
909 2 4 4 15042402
910 2 4 4 10414976
911 2 4 4 2246694
913 2 4 4 9039878
915 2 4 4 8633720
925 2 4 4 5184908
931 2 4 4 5445054
932 2 4 4 14614344
936 2 4 4 17271090
937 2 4 4 5286537
938 2 4 4 5463368
941 2 4 4 13932572
944 2 4 4 10027768
949 2 4 4 12551974
950 2 4 4 23694668
952 2 4 4 12881200
958 2 4 4 12493174
960 2 4 4 9981720
961 2 4 4 8335486
962 2 4 4 11337408
963 2 4 4 17107008
966 2 4 4 2522088
973 2 4 4 10412964
977 2 4 4 23623190
979 2 4 4 8967230
982 2 4 4 10219518
983 2 4 4 5868792
984 2 4 4 11309692
985 2 4 4 9108088
987 2 4 4 24191435
993 2 4 4 15260864
994 2 4 4 6849917
1000 2 4 4 18149346
1001 2 4 4 19839224
1002 2 4 4 7392582
1007 2 4 4 8418242
1010 2 4 4 5734208
1012 2 4 4 6732140
1019 2 4 4 7581660
1020 2 4 4 6709352
1025 2 4 4 7837028
1026 2 4 4 13780616
1032 2 4 4 26576516
1035 2 4 4 23432380
1038 2 4 4 11434860
1043 2 4 4 9637680
1046 2 4 4 19117200
1047 2 4 4 7281300
1049 2 4 4 7292224
1056 2 4 4 12585866
1057 2 4 4 14024032
1060 2 4 4 16238727
1066 2 4 4 10672928
1071 2 4 4 17031997
1073 2 4 4 7545762
1075 2 4 4 15774870
1078 2 4 4 14363561
1079 2 4 4 10080899
1080 2 4 4 5569400
1081 2 4 4 3461088
1089 2 4 4 6851000
1092 2 4 4 15045360
1094 2 4 4 16903216
1095 2 4 4 6907821
1103 2 4 4 13105886
1106 2 4 4 10316272
1109 2 4 4 7985892
1112 2 4 4 14687836
1118 2 4 4 7568802
1121 2 4 4 15396938
1124 2 4 4 21962764
1135 2 4 4 3431790
1137 2 4 4 12185412
1138 2 4 4 2951134
1139 2 4 4 10782130
1144 2 4 4 17394744
1146 2 4 4 11042936
1147 2 4 4 23332404
1151 2 4 4 19051176
1155 2 4 4 6602436
1158 2 4 4 19930912
1159 2 4 4 9658624
1161 2 4 4 8067700
1162 2 4 4 11867077
1168 2 4 4 14179584
1169 2 4 4 5786970
1175 2 4 4 6590196
1192 2 4 4 14067228
1197 2 4 4 11968530
1200 2 4 4 8115970
1212 2 4 4 27487336
1216 2 4 4 14484192
1220 2 4 4 12759805
1224 2 4 4 13873226
1227 2 4 4 15690256
1232 2 4 4 23981056
1234 2 4 4 11745440
1238 2 4 4 13615962
1239 2 4 4 11743652
1245 2 4 4 23498947
1250 2 4 4 11864360
1251 2 4 4 12004381
1253 2 4 4 10392078
1255 2 4 4 2189028
1257 2 4 4 4802887
1260 2 4 4 20784112
1261 2 4 4 3830996
1262 2 4 4 17381152
1263 2 4 4 7459324
1264 2 4 4 8730300
1269 2 4 4 18722020
1275 2 4 4 29854156
1282 2 4 4 14634832
1283 2 4 4 20822864
1284 2 4 4 16554472
1289 2 4 4 14458725
1313 2 4 4 7526884
1315 2 4 4 4869736
1322 2 4 4 9702512
1324 2 4 4 12391028
1331 2 4 4 19241136
1336 2 4 4 19898470
1343 2 4 4 5897640
1345 2 4 4 24455430
1347 2 4 4 17605488
1348 2 4 4 14387678
1350 2 4 4 5594000
1351 2 4 4 3783093
1356 2 4 4 15698978
1363 2 4 4 6925024
1368 2 4 4 18180436
1370 2 4 4 21492016
1372 2 4 4 12366984
1376 2 4 4 10167573
1378 2 4 4 12925906
1381 2 4 4 6749968
1383 2 4 4 18011091
1388 2 4 4 4573074
1393 2 4 4 8841874
1395 2 4 4 8820120
1398 2 4 4 16099364
1401 2 4 4 15992496
1402 2 4 4 18314930
1403 2 4 4 4017012
1404 2 4 4 9123576
1407 2 4 4 14906046
1409 2 4 4 15111584
1412 2 4 4 15976604
1413 2 4 4 4156992
1417 2 4 4 23782860
1418 2 4 4 12294744
1419 2 4 4 12849768
1422 2 4 4 22821968
1423 2 4 4 20015178
1425 2 4 4 8705870
1426 2 4 4 10652914
1427 2 4 4 18220324
1439 2 4 4 32061386
1440 2 4 4 12435772
1442 2 4 4 11011010
1443 2 4 4 10039120
1444 2 4 4 9313120
1447 2 4 4 8480318
1457 2 4 4 9025425
1459 2 4 4 10784764
1464 2 4 4 9320928
1470 2 4 4 17099786
1472 2 4 4 10500199
1475 2 4 4 21931507
1486 2 4 4 8780551
1487 2 4 4 8387674
1491 2 4 4 11150612
1497 2 4 4 10049024
1502 2 4 4 19204640
1504 2 4 4 7592180
1506 2 4 4 13677060
1510 2 4 4 20500604
1513 2 4 4 8108200
1519 2 4 4 4239808
1520 2 4 4 9960864
1521 2 4 4 7860920
1523 2 4 4 9411010
1524 2 4 4 7974016
1534 2 4 4 13151998
1539 2 4 4 9800824
1546 2 4 4 9615240
1548 2 4 4 8171443
1551 2 4 4 11631208
1552 2 4 4 10999896
1554 2 4 4 5860912
1556 2 4 4 10519472
1557 2 4 4 12279800
1562 2 4 4 16032170
1567 2 4 4 8494547
1570 2 4 4 6304326
1573 2 4 4 15754750
1574 2 4 4 7567552
1579 2 4 4 11456740
1585 2 4 4 14844544
1588 2 4 4 18924410
1597 2 4 4 12760504
1598 2 4 4 37201620
1599 2 4 4 10418952
1601 2 4 4 16116318
1604 2 4 4 15853444
1607 2 4 4 8216154
1608 2 4 4 11210256
1610 2 4 4 5759022
1612 2 4 4 4166533
1616 2 4 4 19553908
1618 2 4 4 18280111
1619 2 4 4 17892940
1624 2 4 4 8342244
1626 2 4 4 15998072
1628 2 4 4 8961909
1629 2 4 4 7812690
1633 2 4 4 19827232
1634 2 4 4 3248340
1638 2 4 4 11695744
1639 2 4 4 12870664
1641 2 4 4 8057488
1643 2 4 4 7133260
1646 2 4 4 22659570
1652 2 4 4 15387442
1657 2 4 4 13741124
1664 2 4 4 9227112
1667 2 4 4 9990352
1668 2 4 4 6983760
1669 2 4 4 11767796
1670 2 4 4 6445364
1671 2 4 4 19323780
1676 2 4 4 11972590
1678 2 4 4 24639267
1689 2 4 4 28375779
1691 2 4 4 15333376
1692 2 4 4 19973700
1693 2 4 4 17494872
1694 2 4 4 5048920
1699 2 4 4 17178594
1702 2 4 4 5464832
1703 2 4 4 20412488
1704 2 4 4 6671696
1705 2 4 4 9221592
1706 2 4 4 12057558
1707 2 4 4 19107812
1708 2 4 4 10966912
1709 2 4 4 3561264
1710 2 4 4 17861234
1711 2 4 4 7311696
1714 2 4 4 11388000
1715 2 4 4 14077242
1717 2 4 4 3481100
1722 2 4 4 14570192
1724 2 4 4 5469882
1733 2 4 4 26137614
1734 2 4 4 4118374
1736 2 4 4 9512094
1746 2 4 4 7192104
1748 2 4 4 14104796
1750 2 4 4 9151568
1756 2 4 4 8368956
1758 2 4 4 7410804
1760 2 4 4 12411496
1763 2 4 4 19664526
1764 2 4 4 15319360
1775 2 4 4 11196300
1777 2 4 4 7570280
1780 2 4 4 13367787
1788 2 4 4 16243716
1795 2 4 4 10570968
1798 2 4 4 10030100
1799 2 4 4 9346780
1806 2 4 4 12790746
1812 2 4 4 2375085
1814 2 4 4 5954548
1817 2 4 4 9075814
1821 2 4 4 8896344
1824 2 4 4 8202519
1825 2 4 4 7649904
1843 2 4 4 5367784
1847 2 4 4 8742680
1851 2 4 4 25873516
1853 2 4 4 8270392
1856 2 4 4 5053816
1860 2 4 4 13075552
1868 2 4 4 9638974
1870 2 4 4 2554974
1872 2 4 4 14624605
1874 2 4 4 8624564
1881 2 4 4 18800888
1897 2 4 4 7215744
1902 2 4 4 8408466
1909 2 4 4 9142804
1910 2 4 4 8686128
1919 2 4 4 13007026
1922 2 4 4 14807528
1924 2 4 4 8584476
1925 2 4 4 9234542
1933 2 4 4 7120256
1936 2 4 4 16583006
1938 2 4 4 13666302
1941 2 4 4 7032896
1946 2 4 4 14374304
1949 2 4 4 3424056
1951 2 4 4 14298113
1952 2 4 4 7800936
1953 2 4 4 24628492
1954 2 4 4 14232662
1955 2 4 4 10368524
1956 2 4 4 9296244
1958 2 4 4 19238026
1962 2 4 4 12304520
1968 2 4 4 37228188
1971 2 4 4 4714619
1976 2 4 4 10683134
1977 2 4 4 8663100
1978 2 4 4 9647808
1980 2 4 4 10194744
1985 2 4 4 16686252
1992 2 4 4 9613244
1993 2 4 4 14757328
2000 2 4 4 26136013
2007 2 4 4 21530688
2008 2 4 4 11154068
2009 2 4 4 21840608
2010 2 4 4 19806828
2016 2 4 4 18591112
2018 2 4 4 7928928
2019 2 4 4 6572320
2025 2 4 4 20163506
2027 2 4 4 10342438
2028 2 4 4 13372440
2032 2 4 4 24691251
2038 2 4 4 15681908
2039 2 4 4 6733802
2041 2 4 4 12288820
2042 2 4 4 5467560
2043 2 4 4 15171416
2046 2 4 4 7185056
2050 2 4 4 12600108
2057 2 4 4 8658524
2065 2 4 4 22495488
2067 2 4 4 12354492
2069 2 4 4 19016054
2074 2 4 4 9275712
2081 2 4 4 30674352
2084 2 4 4 20789272
2086 2 4 4 18012147
2090 2 4 4 13528574
2095 2 4 4 6560700
2096 2 4 4 15302919
2097 2 4 4 4701964
2098 2 4 4 5659544
2106 2 4 4 12798094
2108 2 4 4 11743262
2113 2 4 4 9359220
2118 2 4 4 4081032
2132 2 4 4 4646160
2139 2 4 4 16095052
2143 2 4 4 13710136
2145 2 4 4 9860074
2146 2 4 4 2608708
2150 2 4 4 3720510
2152 2 4 4 11638608
2153 2 4 4 14903920
2156 2 4 4 13637272
2157 2 4 4 9560780
2158 2 4 4 4909272
2160 2 4 4 15506248
2164 2 4 4 11153008
2166 2 4 4 10162389
2167 2 4 4 17356164
2170 2 4 4 6539464
2173 2 4 4 13984371
2180 2 4 4 8662422
2181 2 4 4 10170856
2185 2 4 4 21762778
2188 2 4 4 12278888
2189 2 4 4 16775910
2197 2 4 4 16175752
2198 2 4 4 19487416
2199 2 4 4 16714920
2207 2 4 4 7519864
2208 2 4 4 12223864
2214 2 4 4 1692555
2215 2 4 4 13412676
2218 2 4 4 8039908
2219 2 4 4 7783056
2221 2 4 4 12320672
2222 2 4 4 12189292
2224 2 4 4 22485679
2227 2 4 4 6549008
2230 2 4 4 15333459
2231 2 4 4 9669348
2238 2 4 4 11485212
2239 2 4 4 7033408
2245 2 4 4 26173073
2247 2 4 4 11269524
2253 2 4 4 11460012
2256 2 4 4 19905000
2261 2 4 4 10708912
2262 2 4 4 23653660
2267 2 4 4 16839944
2279 2 4 4 9622353
2282 2 4 4 5254418
2285 2 4 4 9586604
2289 2 4 4 18354334
2293 2 4 4 11244368
2298 2 4 4 11853216
2302 2 4 4 11675432
2305 2 4 4 18270351
2311 2 4 4 14904250
2317 2 4 4 18333805
2326 2 4 4 11305332
2327 2 4 4 15048564
2328 2 4 4 19163418
2329 2 4 4 19363404
2331 2 4 4 5082876
2334 2 4 4 3135508
2335 2 4 4 15186560
2336 2 4 4 15244014
2338 2 4 4 4953424
2340 2 4 4 11658046
2342 2 4 4 14934658
2343 2 4 4 10588648
2345 2 4 4 6139264
2350 2 4 4 14491456
2352 2 4 4 18677409
2355 2 4 4 26003256
2356 2 4 4 7086410
2359 2 4 4 18122830
2378 2 4 4 3861248
2383 2 4 4 18226158
2401 2 4 4 13724344
2402 2 4 4 17002912
2403 2 4 4 16067008
2410 2 4 4 24976264
2415 2 4 4 16289220
2420 2 4 4 17587296
2423 2 4 4 6497840
2431 2 4 4 12131612
2437 2 4 4 26336280
2439 2 4 4 12379294
2444 2 4 4 5345112
2452 2 4 4 27065588
2454 2 4 4 11863792
2457 2 4 4 13605790
2459 2 4 4 13860140
2460 2 4 4 6448874
2461 2 4 4 4253968
2471 2 4 4 20849320
2474 2 4 4 18614245
2478 2 4 4 5992992
2485 2 4 4 21612204
2486 2 4 4 15054448
2489 2 4 4 17113588
2491 2 4 4 7292112
2493 2 4 4 14816472
2494 2 4 4 7470862
2496 2 4 4 11850878
2497 2 4 4 5373956
2498 2 4 4 6904982
2500 2 4 4 11577548
2502 2 4 4 6227220
2509 2 4 4 12896108
2513 2 4 4 19634408
2517 2 4 4 16389972
2522 2 4 4 12327124
2523 2 4 4 5897074
2528 2 4 4 18991548
2533 2 4 4 17906352
2546 2 4 4 14702640
2555 2 4 4 25184555
2556 2 4 4 6995226
2563 2 4 4 18823534
2568 2 4 4 12641704
2570 2 4 4 11555498
2573 2 4 4 16048801
2576 2 4 4 14980712
2578 2 4 4 27943988
2585 2 4 4 5149183
2587 2 4 4 3846579
2594 2 4 4 15873068
2598 2 4 4 7458290
2608 2 4 4 21885942
2611 2 4 4 6480164
2617 2 4 4 11595217
2632 2 4 4 3711248
2636 2 4 4 12720956
2637 2 4 4 4197114
2638 2 4 4 6006435
2639 2 4 4 5268832
2645 2 4 4 21853054
2646 2 4 4 16581200
2657 2 4 4 14974570
2661 2 4 4 5365650
2662 2 4 4 17084996
2663 2 4 4 7231056
2664 2 4 4 19140819
2665 2 4 4 6189352
2666 2 4 4 6758654
2670 2 4 4 6008682
2674 2 4 4 16280372
2682 2 4 4 17951735
2701 2 4 4 22224317
2702 2 4 4 11521534
2704 2 4 4 6297774
2708 2 4 4 30593611
2709 2 4 4 14930588
2711 2 4 4 2899944
2715 2 4 4 4174584
2720 2 4 4 16980104
2724 2 4 4 12587400
2737 2 4 4 13666768
2738 2 4 4 11531452
2742 2 4 4 13355462
2754 2 4 4 12229648
2755 2 4 4 16855488
2757 2 4 4 4798312
2763 2 4 4 16128816
2766 2 4 4 13135060
2767 2 4 4 13476762
2776 2 4 4 18099485
2780 2 4 4 27453397
2783 2 4 4 3828900
2785 2 4 4 19406392
2791 2 4 4 17141096
2795 2 4 4 18572656
2797 2 4 4 13451032
2806 2 4 4 14880872
2813 2 4 4 7490796
2817 2 4 4 7387536
2824 2 4 4 5668932
2832 2 4 4 4717408
2834 2 4 4 12475220
2839 2 4 4 25462922
2847 2 4 4 13156566
2855 2 4 4 7312745
2857 2 4 4 12871607
2859 2 4 4 29612814
2863 2 4 4 5764428
2867 2 4 4 23694798
2869 2 4 4 14049204
2872 2 4 4 28118249
2873 2 4 4 12094824
2876 2 4 4 20935092
2881 2 4 4 7475842
2882 2 4 4 6105920
2885 2 4 4 19559985
2889 2 4 4 5280462
2891 2 4 4 5564888
2896 2 4 4 3511153
2898 2 4 4 14355364
2903 2 4 4 2563982
2908 2 4 4 13248330
2910 2 4 4 14159460
2915 2 4 4 27601276
2927 2 4 4 6807586
2931 2 4 4 21603596
2935 2 4 4 22691284
2939 2 4 4 13992668
2944 2 4 4 6319840
2945 2 4 4 15060740
2946 2 4 4 12662578
2954 2 4 4 27135352
2978 2 4 4 4174906
2984 2 4 4 15920304
2990 2 4 4 19937684
2992 2 4 4 4067400
3002 2 4 4 21359592
3011 2 4 4 16601948
3021 2 4 4 23771734
3026 2 4 4 15775393
3040 2 4 4 17290376
3044 2 4 4 4693508
3048 2 4 4 24814626
3057 2 4 4 25308700
3074 2 4 4 21683024
3078 2 4 4 22247692
3088 2 4 4 17766714
3101 2 4 4 16100116
3102 2 4 4 17549552
3123 2 4 4 22401524
3128 2 4 4 17357136
3132 2 4 4 3252890
3138 2 4 4 16840674
3140 2 4 4 25866951
3181 2 4 4 4481001
3187 2 4 4 3720152
3189 2 4 4 3669852
3198 2 4 4 23776604
3208 2 4 4 28046039
3214 2 4 4 16552986
3221 2 4 4 17213988
3226 2 4 4 20932984
3228 2 4 4 19073346
3229 2 4 4 2611676
3234 2 4 4 16949678
3236 2 4 4 28058156
3240 2 4 4 20930256
3247 2 4 4 21904182
3265 2 4 4 3102024
3274 2 4 4 3705251
3282 2 4 4 5440284
3285 2 4 4 21796554
3300 2 4 4 16798188
3304 2 4 4 24168269
3312 2 4 4 21056040
3327 2 4 4 23798392
3331 2 4 4 3668642
3334 2 4 4 21440960
3346 2 4 4 19244204
3363 2 4 4 4794069
3378 2 4 4 27895150
3386 2 4 4 21587865
3389 2 4 4 24392430
3390 2 4 4 21103740
3429 2 4 4 15900704
3434 2 4 4 2729552
3437 2 4 4 3975543
3458 2 4 4 3098970
3481 2 4 4 39079469
3482 2 4 4 5026608
3483 2 4 4 3275034
3502 2 4 4 25607124
3506 2 4 4 2368110
3520 2 4 4 20368608
3521 2 4 4 18313083
3537 2 4 4 3212500
3539 2 4 4 5403612
3543 2 4 4 3868752
3570 2 4 4 25842017
3581 2 4 4 19624908
3591 2 4 4 24694272
3597 2 4 4 32728924
3614 2 4 4 25402120
3622 2 4 4 5481520
3627 2 4 4 17795218
3634 2 4 4 15693144
3643 2 4 4 3909372
3653 2 4 4 20170749
3654 2 4 4 17921244
3657 2 4 4 25590046
3659 2 4 4 17610040
3669 2 4 4 3861768
3673 2 4 4 20275256
3679 2 4 4 18114016
3682 2 4 4 4655218
3694 2 4 4 4062606
3701 2 4 4 19073370
3702 2 4 4 24682148
3708 2 4 4 17741482
3709 2 4 4 17970284
3719 2 4 4 21881344
3728 2 4 4 16966276
3735 2 4 4 5020212
3740 2 4 4 20019032
3746 2 4 4 19243700
3762 2 4 4 24698256
3770 2 4 4 4959780
3778 2 4 4 20849232
3788 2 4 4 3051750
3800 2 4 4 20060732
3811 2 4 4 19847004
3851 2 4 4 19732556
3860 2 4 4 4081680
3865 2 4 4 18325200
3869 2 4 4 16907396
3873 2 4 4 2128303
3877 2 4 4 5301344
3898 2 4 4 4486860
3900 2 4 4 4406384
3902 2 4 4 3978284
3912 2 4 4 22098415
3918 2 4 4 4850844
3919 2 4 4 25809380
3924 2 4 4 17401090
3945 2 4 4 29535554
3946 2 4 4 3315173
3948 2 4 4 18571392
3949 2 4 4 2885099
3950 2 4 4 3870366
3971 2 4 4 2956866
3973 2 4 4 16014560
3974 2 4 4 19261323
3975 2 4 4 2869508
3977 2 4 4 4891032
3985 2 4 4 15739117
4026 2 4 4 2509683
4031 2 4 4 4626528
4049 2 4 4 5137060
4074 2 4 4 16118140
4085 2 4 4 18550662
4102 2 4 4 4485656
4109 2 4 4 4483837
4159 2 4 4 5481792
4166 2 4 4 1976934
4186 2 4 4 18890324
4200 2 4 4 24471512
4202 2 4 4 23381304
4224 2 4 4 20860960
4228 2 4 4 21398472
4233 2 4 4 22196268
4239 2 4 4 18903444
4254 2 4 4 16132612
4255 2 4 4 4117464
4266 2 4 4 16549608
4295 2 4 4 19199142
4300 2 4 4 3488704
4371 2 4 4 16306921
4378 2 4 4 22070984
4391 2 4 4 21596942
4400 2 4 4 16688020
4402 2 4 4 16323968
4405 2 4 4 26060376
4419 2 4 4 15540958
4440 2 4 4 15559728
4448 2 4 4 18180052
4453 2 4 4 16510473
4465 2 4 4 22631928
4485 2 4 4 31504824
4496 2 4 4 16834404
4498 2 4 4 17576868
4510 2 4 4 16823697
4517 2 4 4 18237490
4530 2 4 4 22259468
4540 2 4 4 3058350
4557 2 4 4 18007136
4566 2 4 4 22261560
4573 2 4 4 17413280
4580 2 4 4 18408104
4583 2 4 4 16495004
4648 2 4 4 24165418
4652 2 4 4 28437836
4658 2 4 4 17534722
4661 2 4 4 1802446
4672 2 4 4 18342492
4679 2 4 4 20077164
4682 2 4 4 27533596
4693 2 4 4 16123972
4699 2 4 4 20652294
4715 2 4 4 2889840
4744 2 4 4 18753722
4751 2 4 4 20543936
4759 2 4 4 20769996
4776 2 4 4 22761932
4785 2 4 4 1784472
4788 2 4 4 15994146
4800 2 4 4 16314158
4808 2 4 4 20407471
4834 2 4 4 17567044
4843 2 4 4 17384472
4855 2 4 4 30328244
4859 2 4 4 18841666
4860 2 4 4 23345718
4874 2 4 4 24622724
4879 2 4 4 16807632
4880 2 4 4 17229966
4894 2 4 4 21527594
4901 2 4 4 18587812
4920 2 4 4 2895360
4921 2 4 4 3351582
4935 2 4 4 16021160
4963 2 4 4 24151410
4990 2 4 4 28191790
5011 2 4 4 17632536
