142 2 4 3 1015339
112 2 4 3 1017735
84 2 4 3 1024192
267 2 4 3 1033069
258 2 4 3 1034024
242 2 4 3 1054818
96 2 4 3 1087974
21 2 4 3 1105110
189 2 4 3 1111839
89 2 4 3 1116340
14 2 4 3 1118686
129 2 4 3 1142556
25 2 4 3 1179552
307 2 4 3 1227758
209 2 4 3 1321424
62 2 4 3 1400700
101 2 4 3 1569552
295 2 4 3 1618320
250 2 4 3 1725888
39 2 4 3 1745224
20918 2 4 3 2024940
10498 2 4 3 2043324
7031 2 4 3 2092926
10964 2 4 3 2122844
21871 2 4 3 2126704
6927 2 4 3 2133593
11075 2 4 3 2161240
9867 2 4 3 2179584
4681 2 4 3 2209788
26847 2 4 3 2217350
14784 2 4 3 2232576
16854 2 4 3 2390336
15450 2 4 3 2399820
3883 2 4 3 2438902
10008 2 4 3 2478471
7312 2 4 3 2491452
10676 2 4 3 2626540
15694 2 4 3 2726844
349 2 4 3 2820704
1222 2 4 3 2893294
44825 2 4 3 3006192
10251 2 4 3 3069604
20949 2 4 3 3070980
38589 2 4 3 3091305
105106 2 4 3 3111941
23413 2 4 3 3142128
62750 2 4 3 3367260
92444 2 4 3 3416504
59523 2 4 3 3455568
47874 2 4 3 3458328
27902 2 4 3 3516108
26030 2 4 3 3592248
80909 2 4 3 3603942
45343 2 4 3 3619350
49057 2 4 3 3654156
36643 2 4 3 3659124
35347 2 4 3 3915372
4463 2 4 3 3916109
54032 2 4 3 3967339
9891 2 4 3 3988258
137932 2 4 3 4014393
7523 2 4 3 4114719
48877 2 4 3 4191264
37440 2 4 3 4267900
118325 2 4 3 4292312
20489 2 4 3 4299204
64231 2 4 3 4305106
70163 2 4 3 4325104
72704 2 4 3 4336187
84951 2 4 3 4344526
122543 2 4 3 4371092
5493 2 4 3 4404118
26126 2 4 3 4406936
73577 2 4 3 4410462
16326 2 4 3 4534264
103342 2 4 3 4643011
93467 2 4 3 4740096
59121 2 4 3 4801190
35478 2 4 3 4824804
102173 2 4 3 4984042
65392 2 4 3 5019487
46693 2 4 3 5104085
35979 2 4 3 5114340
97902 2 4 3 5168592
97656 2 4 3 5215210
78955 2 4 3 5404264
129187 2 4 3 5411471
105486 2 4 3 5474502
53348 2 4 3 5518800
63487 2 4 3 5674900
113049 2 4 3 5686200
89043 2 4 3 5705921
99917 2 4 3 5768155
7327 2 4 3 5812656
27820 2 4 3 5829417
15799 2 4 3 5870002
135703 2 4 3 5900975
41527 2 4 3 5915406
60449 2 4 3 5955872
123650 2 4 3 5976936
60616 2 4 3 6016680
30141 2 4 3 6244290
60743 2 4 3 6271397
19174 2 4 3 6285240
79298 2 4 3 6342880
30533 2 4 3 6358191
48010 2 4 3 6497000
84762 2 4 3 6558045
32633 2 4 3 6571464
63928 2 4 3 6573798
59905 2 4 3 6674472
94113 2 4 3 6754207
67139 2 4 3 6812070
33454 2 4 3 6843943
18391 2 4 3 6859226
63560 2 4 3 6887694
96981 2 4 3 6937056
55889 2 4 3 6945600
21514 2 4 3 6959120
92326 2 4 3 6997104
126788 2 4 3 7015290
138713 2 4 3 7096060
4736 2 4 3 7135505
70428 2 4 3 7157826
131460 2 4 3 7202454
41571 2 4 3 7227660
51547 2 4 3 7250472
42433 2 4 3 7290360
38229 2 4 3 7305130
11348 2 4 3 7309432
62888 2 4 3 7507024
24802 2 4 3 7596864
65034 2 4 3 7610288
86551 2 4 3 7636860
88609 2 4 3 7650391
53446 2 4 3 7688785
113613 2 4 3 7733880
72571 2 4 3 7746186
51175 2 4 3 7964946
84724 2 4 3 7999740
7000 2 4 3 8064800
16991 2 4 3 8072946
77820 2 4 3 8094384
81943 2 4 3 8096868
40187 2 4 3 8114530
18251 2 4 3 8115120
93759 2 4 3 8119266
32925 2 4 3 8130556
77954 2 4 3 8153967
59355 2 4 3 8234352
27552 2 4 3 8266624
62961 2 4 3 8545548
73864 2 4 3 8599554
99805 2 4 3 8655975
54707 2 4 3 8707320
70885 2 4 3 8726008
33766 2 4 3 8730000
11518 2 4 3 8805184
73680 2 4 3 8814024
90385 2 4 3 8885757
40275 2 4 3 9104928
5727 2 4 3 9106160
91241 2 4 3 9199464
51860 2 4 3 9201024
14508 2 4 3 9216805
791 2 4 3 9254852
14648 2 4 3 9259536
48558 2 4 3 9344196
39335 2 4 3 9363890
74473 2 4 3 9377964
6308 2 4 3 9533988
27594 2 4 3 9575220
45921 2 4 3 9687480
116074 2 4 3 9704900
56157 2 4 3 9749485
127298 2 4 3 9783360
24821 2 4 3 9866064
125674 2 4 3 9905998
94863 2 4 3 9923016
94346 2 4 3 9942568
5240 2 4 3 10012572
96578 2 4 3 10090668
35350 2 4 3 10111479
90647 2 4 3 10134950
79118 2 4 3 10151800
76529 2 4 3 10218192
33004 2 4 3 10278216
8456 2 4 3 10278242
99481 2 4 3 10329740
52752 2 4 3 10367136
100810 2 4 3 10402698
67927 2 4 3 10437999
5979 2 4 3 10450437
88086 2 4 3 10457886
92467 2 4 3 10539536
28931 2 4 3 10629168
5334 2 4 3 10674741
3693 2 4 3 10775638
12645 2 4 3 10888531
101739 2 4 3 10917456
92198 2 4 3 11029140
77112 2 4 3 11163615
48413 2 4 3 11168394
74853 2 4 3 11211824
9462 2 4 3 11243844
101303 2 4 3 11245920
39373 2 4 3 11256960
38783 2 4 3 11329164
38204 2 4 3 11339998
40881 2 4 3 11356710
1107 2 4 3 11372496
14379 2 4 3 11447144
100505 2 4 3 11578248
6695 2 4 3 11634516
91210 2 4 3 11671010
28021 2 4 3 11734528
106660 2 4 3 11829636
89023 2 4 3 11906820
56184 2 4 3 11958087
94584 2 4 3 11993779
40503 2 4 3 12023886
97105 2 4 3 12088512
67487 2 4 3 12253040
48335 2 4 3 12303666
33259 2 4 3 12326820
19022 2 4 3 12370608
51790 2 4 3 12438768
22791 2 4 3 12441960
23788 2 4 3 12464634
45849 2 4 3 12492482
103169 2 4 3 12494412
25106 2 4 3 12495397
79313 2 4 3 12526298
15937 2 4 3 12626240
93227 2 4 3 12628044
16275 2 4 3 12701980
12014 2 4 3 12722997
53228 2 4 3 12725520
14677 2 4 3 12881492
23831 2 4 3 12895354
28926 2 4 3 13066080
112233 2 4 3 13066846
37536 2 4 3 13079232
40599 2 4 3 13100352
36846 2 4 3 13143130
18052 2 4 3 13144086
72391 2 4 3 13174377
26124 2 4 3 13332728
6143 2 4 3 13335894
20760 2 4 3 13382352
3818 2 4 3 13445225
36172 2 4 3 13490784
69721 2 4 3 13514424
93613 2 4 3 13670214
96838 2 4 3 13711984
55491 2 4 3 13785816
40363 2 4 3 13811952
27449 2 4 3 13827374
56002 2 4 3 13836636
36593 2 4 3 13900935
58757 2 4 3 14086692
90741 2 4 3 14148092
57682 2 4 3 14319210
11984 2 4 3 14327368
1893 2 4 3 14404570
48121 2 4 3 14500672
96836 2 4 3 14518197
61182 2 4 3 14564064
62224 2 4 3 14592320
40375 2 4 3 14597748
46807 2 4 3 14651529
80770 2 4 3 14666508
75439 2 4 3 14702688
42647 2 4 3 14714406
64353 2 4 3 14725030
94235 2 4 3 14727328
27679 2 4 3 14848938
31638 2 4 3 14866404
30549 2 4 3 14912046
88872 2 4 3 14987140
48895 2 4 3 15007120
76431 2 4 3 15009400
37133 2 4 3 15090120
79132 2 4 3 15091260
59934 2 4 3 15119520
71200 2 4 3 15175680
62347 2 4 3 15185616
60643 2 4 3 15204876
36121 2 4 3 15296900
6570 2 4 3 15344628
80534 2 4 3 15362048
14212 2 4 3 15420004
78091 2 4 3 15431760
360 2 4 3 15497604
66696 2 4 3 15585284
27624 2 4 3 15713284
13738 2 4 3 15755522
35954 2 4 3 15763518
57302 2 4 3 15771522
84627 2 4 3 15786179
125843 2 4 3 16017408
106435 2 4 3 16027587
62525 2 4 3 16222542
108377 2 4 3 16270848
20879 2 4 3 16276352
34333 2 4 3 16294300
12220 2 4 3 16323776
70986 2 4 3 16354910
88174 2 4 3 16375117
129648 2 4 3 16430752
50092 2 4 3 16468318
13819 2 4 3 16540268
42401 2 4 3 16543516
45198 2 4 3 16656486
16085 2 4 3 16712544
117302 2 4 3 16785285
88988 2 4 3 16810724
132629 2 4 3 16837366
39170 2 4 3 16850288
78868 2 4 3 16935400
68890 2 4 3 17010581
57802 2 4 3 17067612
742 2 4 3 17069052
105631 2 4 3 17070096
53121 2 4 3 17105004
73692 2 4 3 17184700
81458 2 4 3 17189744
83366 2 4 3 17271040
108559 2 4 3 17356812
109472 2 4 3 17368427
11628 2 4 3 17373698
103866 2 4 3 17456544
58507 2 4 3 17531960
97948 2 4 3 17560880
26828 2 4 3 17631060
55822 2 4 3 17654464
79168 2 4 3 17675616
41581 2 4 3 17699488
104175 2 4 3 17701224
102792 2 4 3 17978520
20194 2 4 3 18039180
51786 2 4 3 18135560
53259 2 4 3 18190656
9043 2 4 3 18227964
82231 2 4 3 18241632
60758 2 4 3 18259560
83467 2 4 3 18266040
12996 2 4 3 18275928
74009 2 4 3 18296516
51225 2 4 3 18348480
46069 2 4 3 18428844
56841 2 4 3 18436704
3299 2 4 3 18604800
67946 2 4 3 18674766
39844 2 4 3 18704096
68453 2 4 3 18734064
113294 2 4 3 18746754
68598 2 4 3 18762240
68649 2 4 3 18920208
39612 2 4 3 18955872
101186 2 4 3 19041048
118698 2 4 3 19064607
22901 2 4 3 19162266
38929 2 4 3 19165666
29115 2 4 3 19173994
100943 2 4 3 19255716
96209 2 4 3 19352898
2274 2 4 3 19408530
96546 2 4 3 19433443
113481 2 4 3 19629810
75921 2 4 3 19630344
84766 2 4 3 19639746
102245 2 4 3 19739066
42690 2 4 3 19749345
104133 2 4 3 19751208
108078 2 4 3 19761560
104228 2 4 3 19781091
14125 2 4 3 19845504
52932 2 4 3 19931072
69118 2 4 3 19957068
71650 2 4 3 20086668
24003 2 4 3 20166672
92945 2 4 3 20180360
75945 2 4 3 20320464
12813 2 4 3 20323122
16114 2 4 3 20330400
47024 2 4 3 20448360
12583 2 4 3 20483463
101990 2 4 3 20498481
61557 2 4 3 20638680
68239 2 4 3 20670734
64103 2 4 3 20712853
24800 2 4 3 20734955
105085 2 4 3 20738770
43735 2 4 3 20744208
102751 2 4 3 20745234
71881 2 4 3 20844042
11897 2 4 3 20844900
100482 2 4 3 20857200
68321 2 4 3 20879280
