S1: 11 S2: 11 H1: 6 H2: 6

U1: 16

(2,2,39)
(2,3,191)
(3,4,43)
(3,5,48)
(4,7,32)
(4,8,165)
(5,7,198)
(5,8,88)
(7,2,170)
(7,3,184)
(8,4,96)
(8,5,193)
(9,7,178)
(9,8,20)
(10,9,47)
(10,10,160)

U2: 16

(2,2,43)
(2,3,140)
(3,4,168)
(3,5,30)
(4,7,17)
(4,8,84)
(5,7,44)
(5,8,137)
(7,2,198)
(7,3,191)
(8,4,69)
(8,5,15)
(9,7,23)
(9,8,150)
(10,9,36)
(10,10,137)

F1: 16

(0,0,1)
(1,0,-1)
(1,1,1)
(1,6,1)
(2,1,-1)
(2,2,1)
(2,3,1)
(3,1,-1)
(3,4,1)
(3,5,1)
(4,6,-1)
(4,7,1)
(4,8,1)
(5,6,-1)
(5,9,1)
(5,10,1)

F2: 16

(0,0,1)
(1,0,-1)
(1,1,1)
(1,6,1)
(2,1,-1)
(2,2,1)
(2,3,1)
(3,1,-1)
(3,4,1)
(3,5,1)
(4,6,-1)
(4,7,1)
(4,8,1)
(5,6,-1)
(5,9,1)
(5,10,1)

x1: 3

(0,1)
(1,1)
(2,1)

x2: 3

(0,1)
(1,1)
(2,1)

