0 2 3 4 917232
2 2 3 4 1843136
6 2 3 4 1796128
9 2 3 4 1090296
10 2 3 4 388315
11 2 3 4 1669008
15 2 3 4 475615
18 2 3 4 217202
21 2 3 4 1648320
22 2 3 4 405900
26 2 3 4 1610767
32 2 3 4 1586912
39 2 3 4 1380720
42 2 3 4 1560932
43 2 3 4 816340
44 2 3 4 1658800
45 2 3 4 930772
46 2 3 4 439200
47 2 3 4 216840
48 2 3 4 550592
50 2 3 4 710092
51 2 3 4 983964
52 2 3 4 794832
54 2 3 4 761394
55 2 3 4 303804
57 2 3 4 1404000
60 2 3 4 135744
61 2 3 4 1115520
64 2 3 4 312816
65 2 3 4 1299560
67 2 3 4 775376
70 2 3 4 704460
71 2 3 4 1514581
72 2 3 4 1655296
75 2 3 4 1738440
86 2 3 4 610600
90 2 3 4 440188
92 2 3 4 1774008
94 2 3 4 301300
97 2 3 4 388020
98 2 3 4 323408
99 2 3 4 1249310
100 2 3 4 1888848
102 2 3 4 1383720
103 2 3 4 1028988
107 2 3 4 1219584
111 2 3 4 1137378
114 2 3 4 749232
117 2 3 4 1094478
122 2 3 4 117075
127 2 3 4 1485120
131 2 3 4 823680
134 2 3 4 1667744
136 2 3 4 1278570
137 2 3 4 553212
146 2 3 4 587028
147 2 3 4 785070
149 2 3 4 1000960
155 2 3 4 1301685
156 2 3 4 1568120
159 2 3 4 1370092
160 2 3 4 128576
165 2 3 4 1762560
167 2 3 4 1645896
169 2 3 4 1174152
174 2 3 4 1170312
176 2 3 4 812640
180 2 3 4 1751760
184 2 3 4 1648440
185 2 3 4 1009280
186 2 3 4 1244160
187 2 3 4 911800
188 2 3 4 1555874
191 2 3 4 124000
192 2 3 4 1481018
193 2 3 4 696152
199 2 3 4 1250683
200 2 3 4 1329900
201 2 3 4 471680
202 2 3 4 1630720
204 2 3 4 686452
205 2 3 4 186300
212 2 3 4 1494564
213 2 3 4 941460
214 2 3 4 903294
215 2 3 4 643025
217 2 3 4 1118808
218 2 3 4 588112
220 2 3 4 196236
223 2 3 4 1164540
227 2 3 4 1089480
228 2 3 4 565440
229 2 3 4 620340
230 2 3 4 1412180
233 2 3 4 140032
234 2 3 4 902016
238 2 3 4 1765456
239 2 3 4 195888
241 2 3 4 1815264
243 2 3 4 334224
247 2 3 4 1795365
254 2 3 4 1550548
259 2 3 4 1844672
260 2 3 4 1465560
265 2 3 4 950400
266 2 3 4 221221
267 2 3 4 649700
269 2 3 4 393340
270 2 3 4 1582632
271 2 3 4 1887768
273 2 3 4 1449360
274 2 3 4 1231566
276 2 3 4 1194988
281 2 3 4 409734
285 2 3 4 1226368
286 2 3 4 419818
291 2 3 4 742876
296 2 3 4 772104
298 2 3 4 352590
299 2 3 4 982308
308 2 3 4 1541436
309 2 3 4 139980
311 2 3 4 682176
312 2 3 4 1385160
317 2 3 4 1374272
319 2 3 4 253344
320 2 3 4 1633030
324 2 3 4 1669416
329 2 3 4 1408603
332 2 3 4 360936
338 2 3 4 283030
340 2 3 4 1840416
341 2 3 4 1411368
347 2 3 4 1405112
350 2 3 4 1197889
353 2 3 4 904650
365 2 3 4 621432
367 2 3 4 1576512
371 2 3 4 747664
374 2 3 4 588064
375 2 3 4 1768448
377 2 3 4 759748
384 2 3 4 1322160
389 2 3 4 130857
394 2 3 4 1570400
395 2 3 4 646611
401 2 3 4 264552
403 2 3 4 1721120
404 2 3 4 130140
405 2 3 4 1687560
406 2 3 4 1346400
412 2 3 4 570500
417 2 3 4 1838467
421 2 3 4 551174
425 2 3 4 1843904
429 2 3 4 1300320
431 2 3 4 536130
432 2 3 4 1209924
435 2 3 4 656040
437 2 3 4 170810
441 2 3 4 1280528
446 2 3 4 388740
448 2 3 4 979630
451 2 3 4 705168
453 2 3 4 1424524
456 2 3 4 1415778
457 2 3 4 1201072
458 2 3 4 1521185
464 2 3 4 934360
467 2 3 4 349664
468 2 3 4 1112788
471 2 3 4 1150926
472 2 3 4 997464
476 2 3 4 1038310
479 2 3 4 1464848
482 2 3 4 1040660
497 2 3 4 423612
498 2 3 4 696784
499 2 3 4 177192
501 2 3 4 748288
508 2 3 4 1171456
509 2 3 4 461760
516 2 3 4 841232
517 2 3 4 1138812
519 2 3 4 460564
522 2 3 4 604408
526 2 3 4 1509456
527 2 3 4 904253
528 2 3 4 789032
537 2 3 4 1575936
541 2 3 4 1757400
542 2 3 4 1635788
543 2 3 4 1515240
545 2 3 4 1004400
549 2 3 4 1745464
554 2 3 4 662160
559 2 3 4 243344
560 2 3 4 739670
561 2 3 4 497500
562 2 3 4 598752
565 2 3 4 1458816
568 2 3 4 1828296
569 2 3 4 1222118
571 2 3 4 1824660
573 2 3 4 541280
579 2 3 4 1075176
580 2 3 4 658912
582 2 3 4 1988225
586 2 3 4 872410
593 2 3 4 1784784
598 2 3 4 1338558
602 2 3 4 1614720
603 2 3 4 1088904
606 2 3 4 230958
610 2 3 4 195408
617 2 3 4 331890
619 2 3 4 1687694
621 2 3 4 642072
626 2 3 4 1177976
629 2 3 4 309644
632 2 3 4 1921920
635 2 3 4 729985
638 2 3 4 1846836
641 2 3 4 1179486
644 2 3 4 1137861
646 2 3 4 583510
649 2 3 4 1136502
655 2 3 4 117302
660 2 3 4 1619750
661 2 3 4 284592
664 2 3 4 1332864
668 2 3 4 273180
671 2 3 4 1217160
673 2 3 4 1899320
674 2 3 4 1799940
675 2 3 4 1096200
676 2 3 4 446516
679 2 3 4 1051650
680 2 3 4 398412
681 2 3 4 882200
685 2 3 4 769950
693 2 3 4 783864
694 2 3 4 1778880
696 2 3 4 1713360
699 2 3 4 358800
700 2 3 4 1451104
701 2 3 4 1462864
703 2 3 4 1097280
704 2 3 4 1854486
706 2 3 4 558080
708 2 3 4 735644
709 2 3 4 1746716
710 2 3 4 1231259
712 2 3 4 1722000
717 2 3 4 1374984
721 2 3 4 199984
723 2 3 4 1679888
727 2 3 4 666900
729 2 3 4 1008350
730 2 3 4 138240
734 2 3 4 1024590
737 2 3 4 744192
738 2 3 4 1928640
741 2 3 4 902348
744 2 3 4 1126320
745 2 3 4 878688
746 2 3 4 680544
750 2 3 4 114240
751 2 3 4 929204
756 2 3 4 1544676
757 2 3 4 1871480
760 2 3 4 1839552
766 2 3 4 1712480
769 2 3 4 1513926
771 2 3 4 1872660
775 2 3 4 1631784
776 2 3 4 738385
777 2 3 4 900864
778 2 3 4 1070048
779 2 3 4 188940
782 2 3 4 1588400
783 2 3 4 109440
786 2 3 4 1104356
789 2 3 4 1459920
795 2 3 4 1846200
802 2 3 4 689928
803 2 3 4 758160
811 2 3 4 250832
813 2 3 4 315468
815 2 3 4 1512402
817 2 3 4 263780
818 2 3 4 351120
820 2 3 4 1222848
821 2 3 4 241239
826 2 3 4 1474760
830 2 3 4 1636480
838 2 3 4 170170
839 2 3 4 794840
840 2 3 4 543168
842 2 3 4 1258600
843 2 3 4 889984
848 2 3 4 1574172
849 2 3 4 166306
852 2 3 4 1295616
854 2 3 4 629706
859 2 3 4 292632
860 2 3 4 1316223
865 2 3 4 790320
868 2 3 4 541508
871 2 3 4 766636
872 2 3 4 1993200
873 2 3 4 1128666
874 2 3 4 803358
875 2 3 4 1305018
876 2 3 4 314820
880 2 3 4 766260
881 2 3 4 662796
883 2 3 4 687010
889 2 3 4 829840
891 2 3 4 1019616
892 2 3 4 1245600
893 2 3 4 217664
899 2 3 4 143872
904 2 3 4 646020
905 2 3 4 1934866
908 2 3 4 1475005
914 2 3 4 1425200
917 2 3 4 246880
920 2 3 4 1379440
922 2 3 4 1741284
929 2 3 4 1084644
933 2 3 4 535074
934 2 3 4 321656
939 2 3 4 1526280
945 2 3 4 1945320
948 2 3 4 107100
954 2 3 4 1113568
965 2 3 4 863814
967 2 3 4 1260280
970 2 3 4 493920
972 2 3 4 496808
975 2 3 4 485569
978 2 3 4 1384704
986 2 3 4 995460
990 2 3 4 273325
991 2 3 4 1582560
995 2 3 4 166496
997 2 3 4 527058
1003 2 3 4 148890
1004 2 3 4 560976
1008 2 3 4 835280
1009 2 3 4 141372
1014 2 3 4 998528
1016 2 3 4 1442304
1017 2 3 4 1706784
1021 2 3 4 196168
1022 2 3 4 436101
1023 2 3 4 652960
1027 2 3 4 1605224
1029 2 3 4 1608210
1031 2 3 4 674644
1033 2 3 4 583638
1034 2 3 4 1679904
1036 2 3 4 1051380
1041 2 3 4 204438
1042 2 3 4 1444072
1048 2 3 4 1842480
1059 2 3 4 347116
1062 2 3 4 1200136
1064 2 3 4 322184
1065 2 3 4 132132
1068 2 3 4 1035034
1070 2 3 4 1124928
1082 2 3 4 1736574
1084 2 3 4 126910
1086 2 3 4 1758240
1087 2 3 4 1684224
1088 2 3 4 160590
1090 2 3 4 149100
1093 2 3 4 1472640
1098 2 3 4 724178
1099 2 3 4 1013724
1101 2 3 4 613068
1104 2 3 4 543000
1105 2 3 4 1180676
1107 2 3 4 895860
1108 2 3 4 1493400
1110 2 3 4 963525
1111 2 3 4 1756356
1115 2 3 4 815016
1116 2 3 4 844272
1117 2 3 4 952544
1120 2 3 4 530222
1129 2 3 4 574078
1130 2 3 4 1256192
1133 2 3 4 1629048
1134 2 3 4 1496744
1141 2 3 4 924952
1142 2 3 4 1032672
1145 2 3 4 1315104
1149 2 3 4 193770
1152 2 3 4 136956
1153 2 3 4 939600
1154 2 3 4 409224
1157 2 3 4 1270962
1160 2 3 4 1969280
1164 2 3 4 591858
1165 2 3 4 1504008
1170 2 3 4 1119460
1171 2 3 4 770792
1177 2 3 4 272844
1179 2 3 4 146070
1182 2 3 4 951368
1183 2 3 4 418932
1185 2 3 4 1873600
1186 2 3 4 725984
1189 2 3 4 1486120
1190 2 3 4 338430
1193 2 3 4 1807200
1194 2 3 4 1422080
1198 2 3 4 360760
1201 2 3 4 1966084
1203 2 3 4 213379
1204 2 3 4 453838
1205 2 3 4 1773460
1207 2 3 4 1277120
1208 2 3 4 847818
1209 2 3 4 705042
1211 2 3 4 618488
1213 2 3 4 1661344
1218 2 3 4 717960
1228 2 3 4 1316056
1229 2 3 4 1538058
1230 2 3 4 1946880
1231 2 3 4 953088
1235 2 3 4 873520
1241 2 3 4 1703592
1242 2 3 4 1438360
1243 2 3 4 1444320
1246 2 3 4 691020
1248 2 3 4 1434880
1252 2 3 4 755440
1254 2 3 4 1756832
1258 2 3 4 819568
1259 2 3 4 1417520
1266 2 3 4 1401888
1268 2 3 4 1563705
1270 2 3 4 584800
1271 2 3 4 509040
1273 2 3 4 1878272
1274 2 3 4 408096
1276 2 3 4 764544
1278 2 3 4 1150128
1285 2 3 4 914568
1291 2 3 4 1223073
1292 2 3 4 1106695
1293 2 3 4 1346168
1294 2 3 4 190068
1295 2 3 4 159840
1297 2 3 4 1430960
1298 2 3 4 1303640
1302 2 3 4 1474330
1305 2 3 4 1274592
1306 2 3 4 581312
1307 2 3 4 874336
1311 2 3 4 1450656
1318 2 3 4 142848
1320 2 3 4 1758596
1321 2 3 4 417570
1323 2 3 4 1182852
1325 2 3 4 1363824
1330 2 3 4 524088
1333 2 3 4 1231804
1334 2 3 4 671066
1339 2 3 4 774375
1340 2 3 4 352980
1341 2 3 4 1009412
1342 2 3 4 557190
1344 2 3 4 990000
1352 2 3 4 315492
1355 2 3 4 827388
1357 2 3 4 757760
1360 2 3 4 1453824
1361 2 3 4 910506
1362 2 3 4 368520
1365 2 3 4 1040256
1367 2 3 4 856716
1369 2 3 4 979248
1373 2 3 4 425040
1375 2 3 4 580000
1380 2 3 4 1158192
1382 2 3 4 930300
1384 2 3 4 1012440
1385 2 3 4 1420812
1386 2 3 4 106800
1387 2 3 4 519632
1389 2 3 4 792000
1390 2 3 4 1136340
1400 2 3 4 1854000
1410 2 3 4 264096
1411 2 3 4 135468
1416 2 3 4 707610
1429 2 3 4 1817424
1431 2 3 4 1664326
1445 2 3 4 1251936
1448 2 3 4 949016
1450 2 3 4 566154
1453 2 3 4 505120
1456 2 3 4 1061680
1458 2 3 4 1012866
1460 2 3 4 496704
1461 2 3 4 319332
1462 2 3 4 395250
1463 2 3 4 555016
1465 2 3 4 1661814
1466 2 3 4 1517940
1467 2 3 4 1893045
1469 2 3 4 868948
1473 2 3 4 722442
1476 2 3 4 361324
1483 2 3 4 776440
1484 2 3 4 1255900
1489 2 3 4 1577532
1490 2 3 4 1672160
1492 2 3 4 524359
1493 2 3 4 1475320
1505 2 3 4 1559024
1517 2 3 4 1231846
1518 2 3 4 1745424
1522 2 3 4 1520237
1526 2 3 4 1546464
1528 2 3 4 1186056
1529 2 3 4 552336
1532 2 3 4 277440
1535 2 3 4 532704
1549 2 3 4 1744320
1555 2 3 4 1682532
1558 2 3 4 1183952
1561 2 3 4 911904
1563 2 3 4 285840
1565 2 3 4 342528
1575 2 3 4 1865502
1584 2 3 4 1053780
1586 2 3 4 1964776
1593 2 3 4 1485952
1595 2 3 4 121360
1596 2 3 4 1189979
1600 2 3 4 1741000
1602 2 3 4 900524
1603 2 3 4 972288
1605 2 3 4 641263
1609 2 3 4 1113424
1613 2 3 4 1739520
1620 2 3 4 1590944
1622 2 3 4 1583600
1625 2 3 4 1387680
1630 2 3 4 1320458
1631 2 3 4 540192
1632 2 3 4 1028912
1635 2 3 4 1070792
1637 2 3 4 1256706
1642 2 3 4 723384
1645 2 3 4 258192
1647 2 3 4 1007748
1650 2 3 4 447480
1651 2 3 4 606840
1654 2 3 4 1095536
1655 2 3 4 1036000
1656 2 3 4 1445808
1663 2 3 4 1218708
1666 2 3 4 403956
1672 2 3 4 1199616
1674 2 3 4 179706
1677 2 3 4 1475136
1679 2 3 4 100320
1680 2 3 4 1137080
1681 2 3 4 303000
1682 2 3 4 402688
1683 2 3 4 1746030
1685 2 3 4 1155224
1686 2 3 4 1472776
1688 2 3 4 385700
1696 2 3 4 1237600
1697 2 3 4 314712
1712 2 3 4 1487775
1719 2 3 4 1077670
1720 2 3 4 306504
1721 2 3 4 587790
1728 2 3 4 1326292
1729 2 3 4 157090
1730 2 3 4 1935852
1740 2 3 4 387684
1741 2 3 4 278972
1742 2 3 4 1548480
1743 2 3 4 741320
1749 2 3 4 785050
1751 2 3 4 1684734
1753 2 3 4 774456
1754 2 3 4 137376
1755 2 3 4 636136
1757 2 3 4 1772538
1765 2 3 4 1312476
1767 2 3 4 1252832
1772 2 3 4 530714
1773 2 3 4 1479798
1778 2 3 4 537693
1781 2 3 4 457140
1782 2 3 4 1816000
1786 2 3 4 1190272
1787 2 3 4 1361718
1789 2 3 4 1530984
1792 2 3 4 142020
1800 2 3 4 1714656
1801 2 3 4 1450800
1802 2 3 4 561904
1803 2 3 4 1464720
1805 2 3 4 1783600
1807 2 3 4 1260348
1809 2 3 4 987636
1810 2 3 4 1547199
1813 2 3 4 220662
1815 2 3 4 1224124
1816 2 3 4 1948704
1818 2 3 4 758960
1820 2 3 4 1659618
1822 2 3 4 612020
1827 2 3 4 635532
1829 2 3 4 1564824
1830 2 3 4 1866600
1831 2 3 4 1167250
1834 2 3 4 1773134
1835 2 3 4 883792
1836 2 3 4 1040430
1837 2 3 4 1758664
1838 2 3 4 131208
1839 2 3 4 1111968
1840 2 3 4 1392408
1841 2 3 4 692370
1842 2 3 4 563124
1845 2 3 4 1099952
1848 2 3 4 1060864
1849 2 3 4 1264068
1855 2 3 4 1823538
1858 2 3 4 1095360
1864 2 3 4 1711680
1865 2 3 4 840084
1866 2 3 4 442520
1867 2 3 4 1961160
1871 2 3 4 769912
1873 2 3 4 1585920
1876 2 3 4 1837680
1884 2 3 4 141568
1885 2 3 4 670446
1888 2 3 4 947178
1889 2 3 4 1841574
1890 2 3 4 1414400
1892 2 3 4 326770
1893 2 3 4 714012
1894 2 3 4 920860
1899 2 3 4 967104
1900 2 3 4 954828
1901 2 3 4 372048
1905 2 3 4 1263808
1913 2 3 4 175420
1914 2 3 4 367380
1915 2 3 4 1330395
1917 2 3 4 1508000
1918 2 3 4 1232560
1921 2 3 4 395910
1923 2 3 4 996072
1926 2 3 4 1240496
1927 2 3 4 518544
1930 2 3 4 472080
1935 2 3 4 786600
1939 2 3 4 1155600
1942 2 3 4 604200
1944 2 3 4 1618794
1950 2 3 4 715776
1959 2 3 4 117142
1961 2 3 4 1114512
1963 2 3 4 1984240
1965 2 3 4 408126
1967 2 3 4 1015872
1970 2 3 4 700848
1972 2 3 4 216152
1973 2 3 4 1838592
1974 2 3 4 1370340
1982 2 3 4 998679
1984 2 3 4 818550
1987 2 3 4 740532
1988 2 3 4 1184256
1991 2 3 4 485904
1995 2 3 4 1428048
1998 2 3 4 1809707
2001 2 3 4 1791000
2004 2 3 4 950208
2005 2 3 4 530180
2015 2 3 4 576888
2017 2 3 4 307200
2020 2 3 4 1951200
2022 2 3 4 1617736
2023 2 3 4 1006468
2024 2 3 4 1796052
2026 2 3 4 1068180
2029 2 3 4 1502424
2031 2 3 4 224968
2033 2 3 4 1324960
2034 2 3 4 1090800
2045 2 3 4 1449900
2047 2 3 4 1613100
2049 2 3 4 464598
2052 2 3 4 1307580
2055 2 3 4 1162350
2058 2 3 4 1070865
2064 2 3 4 1380864
2070 2 3 4 425040
2072 2 3 4 1037952
2073 2 3 4 1296102
2075 2 3 4 1217804
2076 2 3 4 1280300
2077 2 3 4 588848
2079 2 3 4 1137092
2087 2 3 4 1959090
2088 2 3 4 1812720
2091 2 3 4 882548
2092 2 3 4 975280
2099 2 3 4 1572840
2101 2 3 4 1356156
2102 2 3 4 1333010
2109 2 3 4 1952520
2111 2 3 4 366480
2114 2 3 4 890076
2117 2 3 4 963192
2121 2 3 4 258230
2122 2 3 4 1460250
2123 2 3 4 1919832
2124 2 3 4 623808
2126 2 3 4 1719536
2127 2 3 4 1037520
2130 2 3 4 1500059
2131 2 3 4 1231728
2133 2 3 4 1256948
2135 2 3 4 807391
2136 2 3 4 943299
2138 2 3 4 1287243
2144 2 3 4 1563072
2148 2 3 4 1602512
2151 2 3 4 1623060
2159 2 3 4 1157760
2162 2 3 4 1348768
2169 2 3 4 1353024
2171 2 3 4 397110
2178 2 3 4 1251610
2182 2 3 4 495232
2183 2 3 4 946088
2184 2 3 4 628320
2187 2 3 4 1530000
2192 2 3 4 865386
2194 2 3 4 1535296
2203 2 3 4 1864512
2209 2 3 4 925275
2216 2 3 4 1352432
2226 2 3 4 1976736
2228 2 3 4 1628370
2233 2 3 4 1015980
2234 2 3 4 335320
2236 2 3 4 622720
2246 2 3 4 1964000
2248 2 3 4 1510076
2250 2 3 4 268358
2254 2 3 4 642816
2258 2 3 4 1781760
2260 2 3 4 1398320
2266 2 3 4 1398488
2270 2 3 4 1801152
2271 2 3 4 1882232
2272 2 3 4 1172880
2274 2 3 4 1767540
2281 2 3 4 1699775
2288 2 3 4 1356480
2297 2 3 4 1930680
2303 2 3 4 850900
2304 2 3 4 1909704
2309 2 3 4 1267962
2312 2 3 4 308016
2314 2 3 4 439952
2315 2 3 4 888964
2316 2 3 4 442088
2318 2 3 4 802032
2319 2 3 4 1219392
2321 2 3 4 1919176
2333 2 3 4 1760080
2339 2 3 4 856548
2344 2 3 4 286840
2346 2 3 4 855960
2348 2 3 4 1912282
2353 2 3 4 666820
2357 2 3 4 1095876
2358 2 3 4 1181648
2362 2 3 4 1285920
2371 2 3 4 1545740
2372 2 3 4 1710690
2375 2 3 4 352128
2377 2 3 4 1063656
2379 2 3 4 1901592
2381 2 3 4 1333563
2382 2 3 4 1295837
2385 2 3 4 1186780
2386 2 3 4 1580152
2387 2 3 4 688572
2388 2 3 4 1598520
2390 2 3 4 1813040
2393 2 3 4 1018225
2398 2 3 4 1888032
2400 2 3 4 980798
2404 2 3 4 497040
2408 2 3 4 246352
2412 2 3 4 252000
2417 2 3 4 900612
2421 2 3 4 651672
2427 2 3 4 1716678
2429 2 3 4 1356696
2430 2 3 4 1742314
2432 2 3 4 299000
2436 2 3 4 1693420
2443 2 3 4 410816
2447 2 3 4 369200
2449 2 3 4 940368
2450 2 3 4 1637472
2455 2 3 4 1570582
2458 2 3 4 562860
2462 2 3 4 1759016
2466 2 3 4 386400
2481 2 3 4 1178072
2482 2 3 4 525616
2504 2 3 4 1170488
2508 2 3 4 821184
2521 2 3 4 1857592
2531 2 3 4 1854798
2534 2 3 4 319792
2535 2 3 4 1145400
2539 2 3 4 643858
2549 2 3 4 359560
2550 2 3 4 1963008
2557 2 3 4 1324312
2581 2 3 4 1805776
2582 2 3 4 1681920
2588 2 3 4 1744756
2595 2 3 4 1799520
2605 2 3 4 1694256
2606 2 3 4 1885152
2614 2 3 4 1535180
2621 2 3 4 1636636
2635 2 3 4 512864
2644 2 3 4 616104
2655 2 3 4 260568
2684 2 3 4 1995952
2686 2 3 4 698400
2687 2 3 4 205056
2692 2 3 4 591360
2696 2 3 4 1536000
2723 2 3 4 459040
2726 2 3 4 272440
2730 2 3 4 1925838
2744 2 3 4 209064
2748 2 3 4 1817192
2760 2 3 4 1800056
2775 2 3 4 861159
2781 2 3 4 693720
2784 2 3 4 835744
2789 2 3 4 1371072
2799 2 3 4 1967616
2801 2 3 4 1827040
2802 2 3 4 856692
2820 2 3 4 1633800
2821 2 3 4 1646848
2823 2 3 4 881280
2825 2 3 4 1632150
2843 2 3 4 1607340
2845 2 3 4 455060
2858 2 3 4 1354580
2860 2 3 4 230880
2871 2 3 4 653044
2897 2 3 4 460920
2899 2 3 4 486134
2902 2 3 4 1323216
2920 2 3 4 680940
2923 2 3 4 1382192
2925 2 3 4 483426
2933 2 3 4 1371624
2936 2 3 4 675180
2955 2 3 4 459540
2962 2 3 4 222912
2972 2 3 4 1301508
2986 2 3 4 403872
3050 2 3 4 1685880
3060 2 3 4 833280
3062 2 3 4 1945944
3068 2 3 4 462990
3070 2 3 4 429572
3079 2 3 4 1863928
3099 2 3 4 220320
3117 2 3 4 436322
3145 2 3 4 477904
3152 2 3 4 294640
3153 2 3 4 843750
3161 2 3 4 485520
3164 2 3 4 279792
3166 2 3 4 1972412
3177 2 3 4 1919456
3193 2 3 4 1925088
3216 2 3 4 896480
3218 2 3 4 1692860
3224 2 3 4 1678080
3242 2 3 4 211428
3243 2 3 4 1918464
3263 2 3 4 236800
3276 2 3 4 1859760
3301 2 3 4 1989696
3351 2 3 4 1878304
3356 2 3 4 1835328
3370 2 3 4 222212
3377 2 3 4 1976344
3394 2 3 4 892320
3395 2 3 4 1961868
3432 2 3 4 1871804
3449 2 3 4 218240
3471 2 3 4 878904
3535 2 3 4 1957152
3545 2 3 4 808840
3565 2 3 4 1984196
3593 2 3 4 1908880
3602 2 3 4 811733
3665 2 3 4 1953645
3670 2 3 4 1926912
3671 2 3 4 806400
3739 2 3 4 826956
3754 2 3 4 1980000
3803 2 3 4 896560
3825 2 3 4 1992344
3848 2 3 4 810540
3857 2 3 4 219596
3875 2 3 4 290430
3901 2 3 4 299880
3914 2 3 4 1980099
3980 2 3 4 1939742
4024 2 3 4 1954488
4035 2 3 4 1979480
4057 2 3 4 1940400
4070 2 3 4 1937936
