(18 20 45674.42907699998
(19 19 27093.187803499965
(19 22 49578.44012099996
(19 24 65040.98266481657
(19 25 40007.653984733355
(20 25 51151.32541790004
(21 18 44413.75316635002
(21 19 34789.20856704998
(21 20 36087.5471325
(21 24 34990.46547200002
(21 25 61964.372366600015
(21 26 48798.44881380001
(22 19 31887.187283199997
(22 20 34007.865756499996
(22 24 40449.728128083334
(23 23 42169.57616100002
(23 24 35476.93202766672
(24 21 48194.02127310006
(24 24 44917.982166500005
(25 21 49346.41326146666
