8 2 3 3 185220
20 2 3 3 212940
68 2 3 3 215190
127 2 3 3 159320
183 2 3 3 196726
185 2 3 3 169056
286 2 3 3 154000
318 2 3 3 181608
335 2 3 3 194346
382 2 3 3 156800
425 2 3 3 168480
474 2 3 3 235950
484 2 3 3 215680
496 2 3 3 151560
498 2 3 3 187960
555 2 3 3 153064
560 2 3 3 189600
654 2 3 3 169632
696 2 3 3 241374
710 2 3 3 184992
731 2 3 3 165528
739 2 3 3 170610
769 2 3 3 245310
796 2 3 3 155736
919 2 3 3 157860
926 2 3 3 189840
928 2 3 3 178710
1018 2 3 3 211500
1023 2 3 3 157626
1054 2 3 3 239050
1055 2 3 3 172380
1243 2 3 3 189054
1268 2 3 3 226980
1306 2 3 3 160136
1307 2 3 3 151480
1328 2 3 3 325650
1341 2 3 3 278388
1346 2 3 3 204680
1364 2 3 3 188574
1389 2 3 3 174933
1391 2 3 3 219170
1397 2 3 3 216954
1481 2 3 3 159250
1483 2 3 3 179052
1489 2 3 3 152388
1496 2 3 3 159120
13 3 3 3 201402
19 3 3 3 209040
25 3 3 3 318330
26 3 3 3 269100
30 3 3 3 304704
32 3 3 3 204444
65 3 3 3 233112
69 3 3 3 263408
103 3 3 3 190848
111 3 3 3 347706
122 3 3 3 304500
132 3 3 3 269696
150 3 3 3 156090
154 3 3 3 228690
160 3 3 3 180294
164 3 3 3 166104
175 3 3 3 259776
178 3 3 3 300564
179 3 3 3 235200
184 3 3 3 241165
207 3 3 3 216885
212 3 3 3 199576
218 3 3 3 314154
230 3 3 3 344832
252 3 3 3 198792
262 3 3 3 293348
264 3 3 3 152164
267 3 3 3 158125
269 3 3 3 159120
274 3 3 3 208800
275 3 3 3 288576
283 3 3 3 217260
290 3 3 3 317577
293 3 3 3 341328
301 3 3 3 305172
306 3 3 3 230868
314 3 3 3 247380
319 3 3 3 259848
320 3 3 3 184080
322 3 3 3 347760
324 3 3 3 340400
334 3 3 3 270864
339 3 3 3 150684
346 3 3 3 247248
352 3 3 3 206080
354 3 3 3 177642
372 3 3 3 258016
373 3 3 3 165645
381 3 3 3 305343
392 3 3 3 308904
399 3 3 3 316472
403 3 3 3 155433
406 3 3 3 178080
411 3 3 3 170700
412 3 3 3 215127
441 3 3 3 315576
456 3 3 3 272372
465 3 3 3 241947
478 3 3 3 339570
485 3 3 3 189388
490 3 3 3 152928
493 3 3 3 295920
512 3 3 3 268320
532 3 3 3 249480
534 3 3 3 178464
545 3 3 3 267077
547 3 3 3 245960
551 3 3 3 305424
552 3 3 3 204464
576 3 3 3 231300
581 3 3 3 335385
586 3 3 3 182028
594 3 3 3 170235
614 3 3 3 252588
622 3 3 3 224028
633 3 3 3 317250
651 3 3 3 244449
656 3 3 3 306425
658 3 3 3 339240
659 3 3 3 294528
666 3 3 3 274068
669 3 3 3 270144
676 3 3 3 305292
681 3 3 3 163668
682 3 3 3 272870
686 3 3 3 338400
689 3 3 3 250560
724 3 3 3 332469
733 3 3 3 303552
738 3 3 3 175734
747 3 3 3 182138
790 3 3 3 199260
794 3 3 3 151274
809 3 3 3 173376
839 3 3 3 185760
841 3 3 3 255936
847 3 3 3 265230
858 3 3 3 186660
870 3 3 3 236826
876 3 3 3 267380
880 3 3 3 324675
886 3 3 3 189060
894 3 3 3 344160
900 3 3 3 285048
902 3 3 3 193536
914 3 3 3 308448
921 3 3 3 344736
923 3 3 3 292248
935 3 3 3 229896
960 3 3 3 169905
964 3 3 3 266952
965 3 3 3 319872
968 3 3 3 260832
972 3 3 3 163710
996 3 3 3 331632
1001 3 3 3 240128
1005 3 3 3 286848
1007 3 3 3 348192
1010 3 3 3 300608
1013 3 3 3 174610
1016 3 3 3 328608
1018 3 3 3 283284
1020 3 3 3 299000
1036 3 3 3 299880
1043 3 3 3 160704
1044 3 3 3 270912
1070 3 3 3 227760
1071 3 3 3 252672
1073 3 3 3 238590
1075 3 3 3 339012
1097 3 3 3 223416
1098 3 3 3 306075
1109 3 3 3 184275
1111 3 3 3 178536
1112 3 3 3 339660
1117 3 3 3 346302
1121 3 3 3 337608
1133 3 3 3 290700
1134 3 3 3 160890
1136 3 3 3 342144
1140 3 3 3 173430
1160 3 3 3 334800
1170 3 3 3 272160
1178 3 3 3 238260
1188 3 3 3 183616
1191 3 3 3 251844
1193 3 3 3 347097
1201 3 3 3 259080
1212 3 3 3 261366
1213 3 3 3 201096
1219 3 3 3 323190
1235 3 3 3 253752
1236 3 3 3 344760
1248 3 3 3 241164
1255 3 3 3 256058
1259 3 3 3 309880
1267 3 3 3 224316
1272 3 3 3 202800
1277 3 3 3 176715
1287 3 3 3 314199
1300 3 3 3 229700
1301 3 3 3 215016
1306 3 3 3 297546
1310 3 3 3 183312
1315 3 3 3 257302
1328 3 3 3 169200
1330 3 3 3 254904
1337 3 3 3 339570
1343 3 3 3 182685
1347 3 3 3 164160
1350 3 3 3 193920
1353 3 3 3 348348
1356 3 3 3 176624
1366 3 3 3 170040
1368 3 3 3 273504
1382 3 3 3 174528
1408 3 3 3 220800
1411 3 3 3 207720
1428 3 3 3 195806
1431 3 3 3 226800
1433 3 3 3 240576
1443 3 3 3 198990
1452 3 3 3 259380
1461 3 3 3 242880
1462 3 3 3 311178
1479 3 3 3 169458
1480 3 3 3 164604
1482 3 3 3 324384
1489 3 3 3 272970
