0 2 2 2 64
1 2 2 2 8
2 2 2 2 6
3 2 2 2 32
4 2 2 2 8
5 2 2 2 6
6 2 2 2 8
7 2 2 2 8
8 2 2 2 48
9 2 2 2 8
10 2 2 2 36
11 2 2 2 24
12 2 2 2 6
13 2 2 2 36
14 2 2 2 6
15 2 2 2 48
16 2 2 2 48
17 2 2 2 36
18 2 2 2 24
19 2 2 2 36
20 2 2 2 48
21 2 2 2 6
22 2 2 2 32
23 2 2 2 8
24 2 2 2 8
25 2 2 2 8
26 2 2 2 8
27 2 2 2 6
28 2 2 2 16
29 2 2 2 16
30 2 2 2 6
31 2 2 2 8
32 2 2 2 8
33 2 2 2 6
34 2 2 2 8
35 2 2 2 8
36 2 2 2 24
37 2 2 2 36
38 2 2 2 8
39 2 2 2 16
40 2 2 2 6
41 2 2 2 24
42 2 2 2 36
43 2 2 2 24
44 2 2 2 8
45 2 2 2 64
46 2 2 2 8
47 2 2 2 48
48 2 2 2 24
49 2 2 2 48
3 2 3 2 960
8 2 3 2 3192
10 2 3 2 2128
11 2 3 2 448
13 2 3 2 1760
15 2 3 2 1632
17 2 3 2 2240
18 2 3 2 560
19 2 3 2 1936
20 2 3 2 3808
22 2 3 2 1600
28 2 3 2 224
29 2 3 2 256
36 2 3 2 616
37 2 3 2 1936
41 2 3 2 864
42 2 3 2 1408
43 2 3 2 896
47 2 3 2 3528
48 2 3 2 704
49 2 3 2 1760
51 2 3 2 768
52 2 3 2 1344
53 2 3 2 720
55 2 3 2 512
57 2 3 2 3136
61 2 3 2 768
62 2 3 2 224
65 2 3 2 1792
66 2 3 2 3168
67 2 3 2 1792
70 2 3 2 256
71 2 3 2 3024
79 2 3 2 1792
80 2 3 2 1792
82 2 3 2 1152
85 2 3 2 3520
86 2 3 2 448
90 2 3 2 3696
92 2 3 2 224
94 2 3 2 1792
97 2 3 2 864
98 2 3 2 608
99 2 3 2 2464
100 2 3 2 560
102 2 3 2 640
107 2 3 2 2128
110 2 3 2 616
111 2 3 2 224
114 2 3 2 1920
116 2 3 2 704
117 2 3 2 1232
118 2 3 2 1936
121 2 3 2 1408
122 2 3 2 1200
123 2 3 2 512
126 2 3 2 1200
127 2 3 2 3808
128 2 3 2 1664
131 2 3 2 504
134 2 3 2 2176
135 2 3 2 896
136 2 3 2 3840
138 2 3 2 784
139 2 3 2 560
143 2 3 2 2352
145 2 3 2 448
146 2 3 2 624
147 2 3 2 2464
149 2 3 2 2640
152 2 3 2 3136
153 2 3 2 3696
155 2 3 2 3808
156 2 3 2 2080
158 2 3 2 2268
160 2 3 2 3520
162 2 3 2 504
165 2 3 2 3672
170 2 3 2 224
172 2 3 2 1024
176 2 3 2 2856
177 2 3 2 3840
182 2 3 2 352
183 2 3 2 3696
191 2 3 2 2464
192 2 3 2 1792
197 2 3 2 768
199 2 3 2 1792
201 2 3 2 1024
204 2 3 2 2400
205 2 3 2 560
206 2 3 2 1408
207 2 3 2 2464
208 2 3 2 1280
213 2 3 2 532
215 2 3 2 360
217 2 3 2 1408
220 2 3 2 896
223 2 3 2 2400
226 2 3 2 1848
228 2 3 2 960
229 2 3 2 1280
231 2 3 2 1920
233 2 3 2 1344
234 2 3 2 1680
237 2 3 2 704
240 2 3 2 3200
241 2 3 2 672
243 2 3 2 456
245 2 3 2 2240
246 2 3 2 1152
248 2 3 2 2240
250 2 3 2 224
253 2 3 2 960
255 2 3 2 1152
259 2 3 2 2560
263 2 3 2 960
265 2 3 2 256
269 2 3 2 2464
270 2 3 2 1056
273 2 3 2 1760
274 2 3 2 512
275 2 3 2 1792
276 2 3 2 3240
278 2 3 2 672
280 2 3 2 3168
281 2 3 2 384
284 2 3 2 1664
285 2 3 2 2016
286 2 3 2 3168
288 2 3 2 3696
289 2 3 2 1280
291 2 3 2 1408
292 2 3 2 1152
293 2 3 2 864
296 2 3 2 2304
297 2 3 2 1584
298 2 3 2 1792
304 2 3 2 256
305 2 3 2 1344
308 2 3 2 896
311 2 3 2 504
312 2 3 2 784
316 2 3 2 1936
317 2 3 2 1848
318 2 3 2 3920
324 2 3 2 3584
329 2 3 2 1792
332 2 3 2 784
338 2 3 2 384
339 2 3 2 616
340 2 3 2 3080
341 2 3 2 2464
343 2 3 2 256
347 2 3 2 224
349 2 3 2 224
350 2 3 2 1280
354 2 3 2 1024
359 2 3 2 616
360 2 3 2 512
361 2 3 2 756
362 2 3 2 2304
364 2 3 2 2640
367 2 3 2 1792
369 2 3 2 1936
371 2 3 2 2912
373 2 3 2 224
374 2 3 2 360
375 2 3 2 3584
377 2 3 2 480
382 2 3 2 1792
384 2 3 2 768
388 2 3 2 1152
390 2 3 2 2640
391 2 3 2 2240
392 2 3 2 768
394 2 3 2 784
395 2 3 2 2816
397 2 3 2 3072
399 2 3 2 768
401 2 3 2 704
402 2 3 2 1008
403 2 3 2 1152
405 2 3 2 2640
411 2 3 2 1680
413 2 3 2 3840
417 2 3 2 3136
418 2 3 2 2736
421 2 3 2 832
431 2 3 2 640
432 2 3 2 512
435 2 3 2 1760
437 2 3 2 224
438 2 3 2 2080
441 2 3 2 704
444 2 3 2 1792
446 2 3 2 384
447 2 3 2 1764
448 2 3 2 1008
451 2 3 2 960
453 2 3 2 588
455 2 3 2 1200
456 2 3 2 384
457 2 3 2 560
458 2 3 2 616
461 2 3 2 768
462 2 3 2 1408
463 2 3 2 1664
464 2 3 2 616
467 2 3 2 1408
468 2 3 2 648
472 2 3 2 1280
474 2 3 2 560
476 2 3 2 864
477 2 3 2 2592
480 2 3 2 1088
482 2 3 2 832
483 2 3 2 1800
484 2 3 2 784
485 2 3 2 2160
491 2 3 2 784
492 2 3 2 2048
496 2 3 2 2880
497 2 3 2 1024
498 2 3 2 560
500 2 3 2 1344
501 2 3 2 1848
502 2 3 2 3240
503 2 3 2 2464
508 2 3 2 704
511 2 3 2 2128
515 2 3 2 1008
517 2 3 2 1408
519 2 3 2 784
522 2 3 2 1152
525 2 3 2 1728
527 2 3 2 512
528 2 3 2 784
531 2 3 2 336
537 2 3 2 2520
540 2 3 2 1344
541 2 3 2 1152
542 2 3 2 704
543 2 3 2 1408
546 2 3 2 896
549 2 3 2 2280
557 2 3 2 960
560 2 3 2 3528
561 2 3 2 1760
562 2 3 2 512
565 2 3 2 2160
569 2 3 2 1848
572 2 3 2 1680
573 2 3 2 1408
574 2 3 2 2688
577 2 3 2 1152
578 2 3 2 704
579 2 3 2 1792
580 2 3 2 1176
583 2 3 2 448
584 2 3 2 704
586 2 3 2 256
590 2 3 2 336
592 2 3 2 1152
593 2 3 2 2880
597 2 3 2 3024
602 2 3 2 1280
603 2 3 2 1848
605 2 3 2 672
606 2 3 2 1728
607 2 3 2 3168
609 2 3 2 1936
610 2 3 2 768
611 2 3 2 1344
613 2 3 2 1920
614 2 3 2 288
617 2 3 2 3136
619 2 3 2 1536
623 2 3 2 560
627 2 3 2 1760
632 2 3 2 560
636 2 3 2 784
641 2 3 2 1344
645 2 3 2 576
647 2 3 2 2160
652 2 3 2 1920
655 2 3 2 672
657 2 3 2 3360
659 2 3 2 3696
660 2 3 2 480
662 2 3 2 1152
663 2 3 2 1088
665 2 3 2 672
666 2 3 2 1344
668 2 3 2 448
673 2 3 2 1344
674 2 3 2 1408
676 2 3 2 1848
678 2 3 2 1848
683 2 3 2 224
684 2 3 2 1920
686 2 3 2 1280
687 2 3 2 1568
689 2 3 2 704
690 2 3 2 3136
693 2 3 2 3240
694 2 3 2 512
695 2 3 2 960
700 2 3 2 512
701 2 3 2 2288
703 2 3 2 3360
704 2 3 2 3920
706 2 3 2 1344
708 2 3 2 1936
713 2 3 2 384
718 2 3 2 720
721 2 3 2 768
727 2 3 2 2464
728 2 3 2 1152
730 2 3 2 224
731 2 3 2 3840
733 2 3 2 560
737 2 3 2 2688
741 2 3 2 2240
742 2 3 2 616
743 2 3 2 1792
746 2 3 2 3168
750 2 3 2 512
751 2 3 2 1024
753 2 3 2 672
754 2 3 2 1408
756 2 3 2 784
759 2 3 2 2352
763 2 3 2 1320
766 2 3 2 1536
779 2 3 2 1440
781 2 3 2 840
782 2 3 2 256
783 2 3 2 224
784 2 3 2 832
786 2 3 2 1024
789 2 3 2 2304
791 2 3 2 512
792 2 3 2 2128
795 2 3 2 968
796 2 3 2 1920
798 2 3 2 2992
799 2 3 2 2880
803 2 3 2 1008
811 2 3 2 2016
813 2 3 2 896
817 2 3 2 3136
819 2 3 2 1792
820 2 3 2 448
821 2 3 2 1408
828 2 3 2 896
829 2 3 2 2288
834 2 3 2 512
837 2 3 2 2464
838 2 3 2 896
842 2 3 2 256
848 2 3 2 1400
852 2 3 2 1056
853 2 3 2 3584
854 2 3 2 2304
859 2 3 2 1408
868 2 3 2 440
871 2 3 2 480
873 2 3 2 2352
875 2 3 2 224
876 2 3 2 1728
877 2 3 2 2240
878 2 3 2 1408
879 2 3 2 816
880 2 3 2 512
884 2 3 2 2240
886 2 3 2 1056
889 2 3 2 1344
891 2 3 2 3024
892 2 3 2 1280
893 2 3 2 448
895 2 3 2 2464
899 2 3 2 224
901 2 3 2 256
902 2 3 2 1344
903 2 3 2 1088
905 2 3 2 512
917 2 3 2 256
918 2 3 2 2464
919 2 3 2 2304
920 2 3 2 1792
926 2 3 2 3168
927 2 3 2 2304
929 2 3 2 1344
930 2 3 2 2816
935 2 3 2 588
939 2 3 2 504
942 2 3 2 3024
943 2 3 2 1848
947 2 3 2 2160
948 2 3 2 256
951 2 3 2 3888
953 2 3 2 1024
954 2 3 2 1008
955 2 3 2 1008
959 2 3 2 1344
964 2 3 2 2376
965 2 3 2 1280
967 2 3 2 1024
972 2 3 2 1344
975 2 3 2 420
976 2 3 2 224
978 2 3 2 896
981 2 3 2 588
986 2 3 2 1176
989 2 3 2 1280
990 2 3 2 224
991 2 3 2 3072
996 2 3 2 896
997 2 3 2 896
1003 2 3 2 512
1013 2 3 2 2016
1014 2 3 2 1152
1016 2 3 2 336
1017 2 3 2 224
1018 2 3 2 3744
1022 2 3 2 840
1023 2 3 2 1344
1024 2 3 2 2240
1028 2 3 2 2304
1029 2 3 2 960
1030 2 3 2 1344
1031 2 3 2 1848
1036 2 3 2 960
1040 2 3 2 1408
1041 2 3 2 560
1045 2 3 2 2464
1048 2 3 2 224
1050 2 3 2 560
1051 2 3 2 256
1052 2 3 2 2352
1053 2 3 2 1536
1061 2 3 2 1680
1062 2 3 2 1344
1067 2 3 2 3168
1070 2 3 2 3696
1072 2 3 2 1152
1074 2 3 2 1536
1076 2 3 2 448
1077 2 3 2 3584
1082 2 3 2 3136
1083 2 3 2 2160
1085 2 3 2 2304
1087 2 3 2 2464
1090 2 3 2 256
1098 2 3 2 1672
1099 2 3 2 2880
1102 2 3 2 3456
1107 2 3 2 384
1108 2 3 2 2304
1110 2 3 2 1140
1113 2 3 2 1408
1115 2 3 2 2464
1116 2 3 2 2880
1117 2 3 2 2688
1120 2 3 2 896
1125 2 3 2 1056
1126 2 3 2 1920
1128 2 3 2 2304
1133 2 3 2 3024
1134 2 3 2 896
1142 2 3 2 864
1149 2 3 2 896
1150 2 3 2 1920
1152 2 3 2 224
1154 2 3 2 1760
1164 2 3 2 1344
1167 2 3 2 2880
1171 2 3 2 3600
1172 2 3 2 1936
1173 2 3 2 1792
1176 2 3 2 2688
1177 2 3 2 224
1180 2 3 2 1920
1181 2 3 2 864
1182 2 3 2 384
1186 2 3 2 1320
1188 2 3 2 288
1189 2 3 2 1792
1193 2 3 2 1280
1195 2 3 2 1120
1202 2 3 2 832
1205 2 3 2 2304
1206 2 3 2 1760
1209 2 3 2 896
1211 2 3 2 2304
1215 2 3 2 900
1218 2 3 2 2304
1221 2 3 2 1728
1222 2 3 2 224
1225 2 3 2 3024
1230 2 3 2 3072
1240 2 3 2 896
1242 2 3 2 2520
1243 2 3 2 1008
1244 2 3 2 1088
1247 2 3 2 3696
1256 2 3 2 1680
1258 2 3 2 2688
1259 2 3 2 3168
1265 2 3 2 960
1266 2 3 2 2464
1268 2 3 2 3696
1270 2 3 2 864
1273 2 3 2 1008
1276 2 3 2 1056
1277 2 3 2 960
1285 2 3 2 1152
1286 2 3 2 3072
1288 2 3 2 2560
1295 2 3 2 896
1297 2 3 2 3808
1299 2 3 2 3360
1301 2 3 2 3456
1306 2 3 2 1536
1307 2 3 2 2940
1308 2 3 2 3024
1309 2 3 2 1152
1310 2 3 2 960
1314 2 3 2 960
1320 2 3 2 2688
1321 2 3 2 896
1323 2 3 2 3168
1326 2 3 2 2880
1327 2 3 2 2880
1329 2 3 2 1760
1330 2 3 2 3920
1333 2 3 2 1152
1334 2 3 2 3168
1335 2 3 2 864
1338 2 3 2 1728
1340 2 3 2 3920
1346 2 3 2 3360
1355 2 3 2 3168
1360 2 3 2 2304
1361 2 3 2 1728
1362 2 3 2 1344
1365 2 3 2 2856
1367 2 3 2 1344
1371 2 3 2 3600
1375 2 3 2 1280
1379 2 3 2 3840
1380 2 3 2 1232
1384 2 3 2 3360
1385 2 3 2 1520
1390 2 3 2 1620
1397 2 3 2 3072
1406 2 3 2 1320
1408 2 3 2 864
1410 2 3 2 1800
1415 2 3 2 1400
1416 2 3 2 3528
1424 2 3 2 3168
1428 2 3 2 1216
1432 2 3 2 1600
1434 2 3 2 1088
1437 2 3 2 2688
1441 2 3 2 2304
1445 2 3 2 1216
1450 2 3 2 1200
1451 2 3 2 960
1468 2 3 2 2304
1476 2 3 2 2376
1481 2 3 2 2560
1488 2 3 2 3024
1492 2 3 2 3888
1495 2 3 2 1760
1496 2 3 2 3360
1499 2 3 2 1408
1505 2 3 2 1188
1514 2 3 2 1344
1522 2 3 2 2048
1525 2 3 2 1848
1528 2 3 2 1672
1529 2 3 2 2880
1533 2 3 2 1520
1535 2 3 2 2688
1540 2 3 2 3024
1553 2 3 2 1344
1555 2 3 2 1008
1558 2 3 2 1056
1561 2 3 2 3360
1564 2 3 2 2376
1571 2 3 2 1280
1576 2 3 2 2464
1577 2 3 2 1344
1581 2 3 2 1936
1586 2 3 2 2464
1590 2 3 2 2880
1592 2 3 2 2464
1594 2 3 2 2304
1603 2 3 2 1936
1615 2 3 2 1280
1635 2 3 2 1200
1659 2 3 2 2352
1666 2 3 2 1560
1681 2 3 2 2464
1685 2 3 2 2464
1701 2 3 2 3456
1721 2 3 2 2128
1727 2 3 2 2240
1729 2 3 2 2880
1730 2 3 2 3168
1737 2 3 2 3168
1749 2 3 2 2464
1759 2 3 2 2520
1768 2 3 2 1440
1770 2 3 2 2688
1776 2 3 2 3360
1778 2 3 2 2052
1783 2 3 2 2240
1784 2 3 2 3024
1796 2 3 2 3264
1801 2 3 2 2112
1810 2 3 2 3888
1811 2 3 2 2352
1818 2 3 2 3360
1827 2 3 2 1920
1828 2 3 2 3168
1834 2 3 2 2688
1839 2 3 2 2016
1850 2 3 2 2464
1857 2 3 2 2520
1862 2 3 2 1848
1871 2 3 2 2240
1879 2 3 2 2352
1882 2 3 2 2268
1890 2 3 2 2304
1915 2 3 2 2352
1921 2 3 2 2160
1930 2 3 2 2304
1931 2 3 2 2304
1932 2 3 2 3360
1935 2 3 2 1408
1939 2 3 2 2432
1940 2 3 2 3000
1944 2 3 2 3456
1957 2 3 2 2640
1961 2 3 2 3800
1966 2 3 2 1536
1967 2 3 2 3168
1982 2 3 2 2160
1987 2 3 2 2352
1989 2 3 2 2112
1998 2 3 2 3888
2001 2 3 2 1568
2003 2 3 2 2880
2004 2 3 2 3136
2005 2 3 2 1408
2014 2 3 2 2880
2020 2 3 2 3872
2029 2 3 2 3120
2034 2 3 2 3520
2044 2 3 2 3200
2045 2 3 2 1936
2055 2 3 2 1408
2063 2 3 2 3456
2068 2 3 2 3168
2073 2 3 2 2640
2076 2 3 2 1920
2077 2 3 2 2464
2082 2 3 2 3920
2083 2 3 2 3808
2089 2 3 2 1536
2103 2 3 2 3360
2109 2 3 2 2240
2112 2 3 2 1408
2115 2 3 2 3920
2116 2 3 2 3584
2119 2 3 2 1408
2124 2 3 2 2112
2127 2 3 2 3024
2129 2 3 2 2916
2130 2 3 2 2560
2141 2 3 2 2352
2155 2 3 2 2464
2163 2 3 2 1408
2171 2 3 2 3040
2172 2 3 2 3888
2190 2 3 2 2940
2201 2 3 2 2464
2203 2 3 2 2464
2212 2 3 2 2464
2216 2 3 2 1920
2234 2 3 2 3024
2237 2 3 2 3136
2243 2 3 2 1408
2265 2 3 2 3080
2268 2 3 2 3200
2277 2 3 2 3040
2284 2 3 2 2816
2287 2 3 2 2048
2290 2 3 2 2400
2292 2 3 2 2940
2295 2 3 2 2048
2313 2 3 2 1408
2314 2 3 2 1440
2315 2 3 2 1408
2324 2 3 2 2400
2339 2 3 2 1440
2353 2 3 2 3456
2377 2 3 2 1440
2382 2 3 2 2584
2386 2 3 2 3360
2392 2 3 2 2464
2398 2 3 2 1536
2399 2 3 2 2992
2406 2 3 2 2992
2432 2 3 2 2520
2447 2 3 2 1848
2449 2 3 2 3360
2467 2 3 2 3360
2479 2 3 2 1920
2480 2 3 2 1936
17 3 3 2 3248
20 3 3 2 3696
22 3 3 2 2992
26 3 3 2 2464
28 3 3 2 2640
29 3 3 2 3648
30 3 3 2 2464
38 3 3 2 2592
41 3 3 2 2816
42 3 3 2 3200
46 3 3 2 2112
48 3 3 2 3480
53 3 3 2 2688
54 3 3 2 2640
58 3 3 2 3600
61 3 3 2 3600
64 3 3 2 2592
69 3 3 2 3744
79 3 3 2 2880
80 3 3 2 2720
87 3 3 2 3528
91 3 3 2 2560
98 3 3 2 1536
103 3 3 2 1512
108 3 3 2 2688
117 3 3 2 3200
119 3 3 2 2016
150 3 3 2 2688
153 3 3 2 3456
155 3 3 2 3360
161 3 3 2 3888
164 3 3 2 3744
167 3 3 2 3840
169 3 3 2 2000
175 3 3 2 2016
177 3 3 2 3600
182 3 3 2 3696
184 3 3 2 1856
188 3 3 2 2160
191 3 3 2 2400
204 3 3 2 1920
218 3 3 2 2016
219 3 3 2 3456
220 3 3 2 3840
223 3 3 2 2000
230 3 3 2 3600
236 3 3 2 2016
251 3 3 2 3584
252 3 3 2 2048
258 3 3 2 3840
260 3 3 2 3840
268 3 3 2 3808
271 3 3 2 3360
273 3 3 2 3840
279 3 3 2 3648
285 3 3 2 2688
286 3 3 2 3360
289 3 3 2 3456
302 3 3 2 2184
304 3 3 2 3600
319 3 3 2 3480
323 3 3 2 2640
329 3 3 2 3528
338 3 3 2 1920
349 3 3 2 3952
350 3 3 2 2816
352 3 3 2 2640
369 3 3 2 2112
375 3 3 2 3648
401 3 3 2 3456
403 3 3 2 3840
406 3 3 2 3456
407 3 3 2 3344
408 3 3 2 1824
411 3 3 2 2024
414 3 3 2 1920
423 3 3 2 3648
432 3 3 2 1936
435 3 3 2 3840
436 3 3 2 3840
449 3 3 2 3584
469 3 3 2 2016
473 3 3 2 2112
476 3 3 2 3600
478 3 3 2 2112
482 3 3 2 2992
485 3 3 2 3840
487 3 3 2 3480
506 3 3 2 3600
511 3 3 2 3744
514 3 3 2 2112
518 3 3 2 2880
520 3 3 2 1920
524 3 3 2 3648
526 3 3 2 3360
532 3 3 2 3360
533 3 3 2 2816
538 3 3 2 3808
540 3 3 2 3840
542 3 3 2 2880
546 3 3 2 3840
550 3 3 2 2048
563 3 3 2 3744
569 3 3 2 2016
581 3 3 2 2816
586 3 3 2 2880
589 3 3 2 2720
592 3 3 2 2688
593 3 3 2 2016
594 3 3 2 2000
618 3 3 2 2688
622 3 3 2 3360
626 3 3 2 3840
634 3 3 2 2688
636 3 3 2 1824
641 3 3 2 3808
647 3 3 2 1920
656 3 3 2 2640
663 3 3 2 3744
668 3 3 2 3872
669 3 3 2 3696
675 3 3 2 2640
676 3 3 2 1824
679 3 3 2 3840
701 3 3 2 3840
723 3 3 2 2688
724 3 3 2 3584
733 3 3 2 2160
739 3 3 2 3456
762 3 3 2 3600
768 3 3 2 2688
773 3 3 2 3696
783 3 3 2 2800
801 3 3 2 2016
804 3 3 2 3456
807 3 3 2 3600
816 3 3 2 3520
821 3 3 2 3360
822 3 3 2 2128
827 3 3 2 3840
836 3 3 2 3344
847 3 3 2 1904
851 3 3 2 2736
855 3 3 2 3696
875 3 3 2 3840
921 3 3 2 2688
923 3 3 2 3840
933 3 3 2 3840
934 3 3 2 2688
935 3 3 2 2800
977 3 3 2 3600
1008 3 3 2 2688
1012 3 3 2 3360
1018 3 3 2 3456
1030 3 3 2 2880
1039 3 3 2 2640
1041 3 3 2 3696
1053 3 3 2 2688
1059 3 3 2 2640
1061 3 3 2 3840
1077 3 3 2 2992
1085 3 3 2 3648
1094 3 3 2 3584
1097 3 3 2 3360
1104 3 3 2 3456
1128 3 3 2 3200
1137 3 3 2 2992
1140 3 3 2 3360
1142 3 3 2 2880
1161 3 3 2 3744
1164 3 3 2 2640
1180 3 3 2 3360
1188 3 3 2 3456
1191 3 3 2 2640
1195 3 3 2 2688
1203 3 3 2 2880
1205 3 3 2 2880
1226 3 3 2 3456
1230 3 3 2 3840
1233 3 3 2 2688
1236 3 3 2 2912
1256 3 3 2 3840
1265 3 3 2 2688
1267 3 3 2 2640
1268 3 3 2 3360
1272 3 3 2 3360
1281 3 3 2 3600
1309 3 3 2 3696
1330 3 3 2 2640
1332 3 3 2 3360
1350 3 3 2 3456
1352 3 3 2 3360
1378 3 3 2 3456
1387 3 3 2 3520
1389 3 3 2 3584
1404 3 3 2 2760
1417 3 3 2 3360
1424 3 3 2 2688
1443 3 3 2 2912
1450 3 3 2 3600
1458 3 3 2 3360
1481 3 3 2 2880
1489 3 3 2 3456
1516 3 3 2 3240
1546 3 3 2 3456
1551 3 3 2 3360
1558 3 3 2 3712
1568 3 3 2 3360
1576 3 3 2 3584
1605 3 3 2 3584
1608 3 3 2 3456
1616 3 3 2 3520
1634 3 3 2 3456
1636 3 3 2 3248
1665 3 3 2 3200
1704 3 3 2 2800
1706 3 3 2 3200
1731 3 3 2 2912
1746 3 3 2 3456
1812 3 3 2 2880
1871 3 3 2 3600
1930 3 3 2 3648
1950 3 3 2 3600
1954 3 3 2 3600
1972 3 3 2 3600
1977 3 3 2 3744
