10 2 3 3 67830
13 2 3 3 84524
47 2 3 3 62664
49 2 3 3 78336
57 2 3 3 58045
71 2 3 3 75272
94 2 3 3 57960
100 2 3 3 52734
103 2 3 3 54600
110 2 3 3 64640
111 2 3 3 69828
126 2 3 3 86976
131 2 3 3 48848
136 2 3 3 80889
149 2 3 3 58300
155 2 3 3 70560
165 2 3 3 55084
167 2 3 3 75516
176 2 3 3 78318
206 2 3 3 48970
207 2 3 3 62784
228 2 3 3 67155
233 2 3 3 77220
245 2 3 3 59400
246 2 3 3 78705
249 2 3 3 59690
254 2 3 3 59160
255 2 3 3 56642
263 2 3 3 83025
273 2 3 3 79320
275 2 3 3 85146
276 2 3 3 59124
280 2 3 3 50388
291 2 3 3 55980
293 2 3 3 83916
297 2 3 3 62238
298 2 3 3 48285
305 2 3 3 55680
340 2 3 3 81000
361 2 3 3 65048
364 2 3 3 71190
367 2 3 3 69875
369 2 3 3 74292
371 2 3 3 88192
390 2 3 3 67840
391 2 3 3 75648
394 2 3 3 61134
411 2 3 3 83440
413 2 3 3 64320
418 2 3 3 77115
435 2 3 3 56784
441 2 3 3 57942
446 2 3 3 72000
447 2 3 3 68580
458 2 3 3 49500
462 2 3 3 64584
477 2 3 3 74025
479 2 3 3 78600
483 2 3 3 70200
485 2 3 3 85020
497 2 3 3 78948
504 2 3 3 62376
515 2 3 3 68076
517 2 3 3 57246
519 2 3 3 73450
525 2 3 3 58374
537 2 3 3 89856
561 2 3 3 63500
569 2 3 3 55143
574 2 3 3 81792
584 2 3 3 51566
588 2 3 3 73670
592 2 3 3 56070
603 2 3 3 57760
607 2 3 3 50481
609 2 3 3 85440
610 2 3 3 77724
613 2 3 3 64260
623 2 3 3 75840
627 2 3 3 49329
632 2 3 3 85050
641 2 3 3 65772
645 2 3 3 50820
647 2 3 3 83764
652 2 3 3 78204
657 2 3 3 79488
663 2 3 3 68850
665 2 3 3 60030
683 2 3 3 86010
684 2 3 3 87570
688 2 3 3 61400
690 2 3 3 57620
737 2 3 3 58098
741 2 3 3 64050
746 2 3 3 48735
766 2 3 3 76440
779 2 3 3 65268
792 2 3 3 76500
811 2 3 3 81000
813 2 3 3 63600
820 2 3 3 74508
821 2 3 3 48222
837 2 3 3 66528
849 2 3 3 58764
852 2 3 3 82200
853 2 3 3 62890
869 2 3 3 81048
873 2 3 3 75050
878 2 3 3 48760
880 2 3 3 65472
881 2 3 3 67830
884 2 3 3 72080
886 2 3 3 65372
890 2 3 3 89540
896 2 3 3 65826
914 2 3 3 50634
930 2 3 3 83106
933 2 3 3 59670
942 2 3 3 76650
953 2 3 3 57120
954 2 3 3 65340
959 2 3 3 85100
967 2 3 3 62208
972 2 3 3 63360
989 2 3 3 48750
1013 2 3 3 80332
1022 2 3 3 72090
1024 2 3 3 89856
1027 2 3 3 61758
1028 2 3 3 58312
1030 2 3 3 65274
1040 2 3 3 64512
1041 2 3 3 52320
1045 2 3 3 56522
1052 2 3 3 51585
1061 2 3 3 51456
1062 2 3 3 53878
1069 2 3 3 67320
1074 2 3 3 88956
1077 2 3 3 69484
1082 2 3 3 79182
1083 2 3 3 85176
1086 2 3 3 54112
1088 2 3 3 80730
1098 2 3 3 50694
1099 2 3 3 59058
1108 2 3 3 55572
1110 2 3 3 63662
1111 2 3 3 75294
1116 2 3 3 83662
1117 2 3 3 52302
1127 2 3 3 50868
1128 2 3 3 58656
1134 2 3 3 83346
1142 2 3 3 50687
1145 2 3 3 48400
1149 2 3 3 57760
1154 2 3 3 68952
1172 2 3 3 70200
1173 2 3 3 75335
1180 2 3 3 65625
1188 2 3 3 53808
1190 2 3 3 87132
1196 2 3 3 54055
1199 2 3 3 56776
1202 2 3 3 60515
1208 2 3 3 70626
1209 2 3 3 86526
1210 2 3 3 53054
1211 2 3 3 61704
1213 2 3 3 76650
1218 2 3 3 57333
1230 2 3 3 62160
1242 2 3 3 88893
1248 2 3 3 86496
1256 2 3 3 68096
1259 2 3 3 75600
1276 2 3 3 80476
1286 2 3 3 80370
1288 2 3 3 88032
1299 2 3 3 70560
1301 2 3 3 80484
1308 2 3 3 67758
1312 2 3 3 79905
1330 2 3 3 55308
1337 2 3 3 81415
1338 2 3 3 64068
1340 2 3 3 85008
1359 2 3 3 57820
1360 2 3 3 69000
1367 2 3 3 60894
1390 2 3 3 76050
1410 2 3 3 72800
1416 2 3 3 77970
1428 2 3 3 52800
1441 2 3 3 79440
1445 2 3 3 52002
1451 2 3 3 89964
1456 2 3 3 72468
1465 2 3 3 86920
1488 2 3 3 63882
1494 2 3 3 56232
0 3 3 3 52988
88 3 3 3 58116
97 3 3 3 56784
110 3 3 3 82764
119 3 3 3 71253
140 3 3 3 76788
241 3 3 3 52836
245 3 3 3 84240
369 3 3 3 80388
424 3 3 3 75240
434 3 3 3 75771
446 3 3 3 56952
457 3 3 3 59172
458 3 3 3 53820
491 3 3 3 62244
509 3 3 3 69384
558 3 3 3 52444
624 3 3 3 64656
630 3 3 3 57204
636 3 3 3 67704
661 3 3 3 60648
717 3 3 3 67788
728 3 3 3 70848
730 3 3 3 65814
741 3 3 3 52776
797 3 3 3 58962
831 3 3 3 52272
848 3 3 3 79488
901 3 3 3 54612
917 3 3 3 73755
918 3 3 3 77814
932 3 3 3 62856
938 3 3 3 68289
946 3 3 3 61056
995 3 3 3 64260
1021 3 3 3 60156
1029 3 3 3 53106
1066 3 3 3 60012
1110 3 3 3 54756
1146 3 3 3 76112
1156 3 3 3 55638
1161 3 3 3 86496
1190 3 3 3 81096
1195 3 3 3 82416
1208 3 3 3 69168
1215 3 3 3 64512
1228 3 3 3 59232
1273 3 3 3 56994
1274 3 3 3 52033
1314 3 3 3 83025
1342 3 3 3 66273
1364 3 3 3 83448
1374 3 3 3 88740
1460 3 3 3 71532
1498 3 3 3 53032
10003 2 3 3 48720
10006 2 3 3 45360
10009 2 3 3 78750
10018 2 3 3 26307
10023 2 3 3 49470
10026 2 3 3 45900
10027 2 3 3 82600
10030 2 3 3 54054
10032 2 3 3 43155
10037 2 3 3 60768
10038 2 3 3 63270
10040 2 3 3 40280
10042 2 3 3 89573
10045 2 3 3 21312
10048 2 3 3 73980
10052 2 3 3 56826
10054 2 3 3 26796
10055 2 3 3 62466
10061 2 3 3 35712
10062 2 3 3 49700
10069 2 3 3 68172
10071 2 3 3 82044
10074 2 3 3 46200
10076 2 3 3 60114
10078 2 3 3 53784
10081 2 3 3 22140
10087 2 3 3 26455
10089 2 3 3 77196
10092 2 3 3 37620
10094 2 3 3 41610
10096 2 3 3 71370
10099 2 3 3 87740
10100 2 3 3 34592
10105 2 3 3 80400
10107 2 3 3 38950
10115 2 3 3 89280
10118 2 3 3 76560
10123 2 3 3 46092
10124 2 3 3 29160
10128 2 3 3 81120
10129 2 3 3 80736
10130 2 3 3 75040
10132 2 3 3 61686
10135 2 3 3 52624
10143 2 3 3 41846
10146 2 3 3 73554
10148 2 3 3 77700
10153 2 3 3 76540
10155 2 3 3 32568
10156 2 3 3 70227
10159 2 3 3 37715
10160 2 3 3 61290
10164 2 3 3 28934
10165 2 3 3 86400
10169 2 3 3 20820
10174 2 3 3 40524
10182 2 3 3 59670
10186 2 3 3 40365
10188 2 3 3 45900
10193 2 3 3 38406
10197 2 3 3 37107
10200 2 3 3 40188
10205 2 3 3 21888
10219 2 3 3 36288
10221 2 3 3 59625
10222 2 3 3 77418
10224 2 3 3 47302
10226 2 3 3 31200
10228 2 3 3 21114
10234 2 3 3 36603
10240 2 3 3 70656
10241 2 3 3 51300
10245 2 3 3 25536
10254 2 3 3 40800
10257 2 3 3 33792
10258 2 3 3 21855
10260 2 3 3 76704
10262 2 3 3 22825
10263 2 3 3 39372
10266 2 3 3 48545
10279 2 3 3 39285
10290 2 3 3 20616
10300 2 3 3 35964
10304 2 3 3 63484
10309 2 3 3 74925
10312 2 3 3 77292
10321 2 3 3 36612
10325 2 3 3 30240
10326 2 3 3 24111
10329 2 3 3 75429
10330 2 3 3 47520
10333 2 3 3 34776
10339 2 3 3 22876
10340 2 3 3 24150
10344 2 3 3 50958
10358 2 3 3 47916
10360 2 3 3 24000
10362 2 3 3 46784
10363 2 3 3 71820
10365 2 3 3 48300
10366 2 3 3 52185
10371 2 3 3 32040
10379 2 3 3 22862
10380 2 3 3 54516
10381 2 3 3 21350
10382 2 3 3 51578
10385 2 3 3 54570
10395 2 3 3 82836
10396 2 3 3 72576
10399 2 3 3 26840
10405 2 3 3 35096
10407 2 3 3 48246
10411 2 3 3 74166
10414 2 3 3 69720
10418 2 3 3 69368
10419 2 3 3 42237
10421 2 3 3 46632
10426 2 3 3 33402
10440 2 3 3 47616
10441 2 3 3 34518
10445 2 3 3 30894
10449 2 3 3 81282
10452 2 3 3 84528
10456 2 3 3 46080
10460 2 3 3 38532
10463 2 3 3 61320
10464 2 3 3 70218
10467 2 3 3 63603
10469 2 3 3 36806
10471 2 3 3 34626
10472 2 3 3 48650
10477 2 3 3 27675
10478 2 3 3 25051
10479 2 3 3 31820
10481 2 3 3 60956
10487 2 3 3 55188
10503 2 3 3 89094
10512 2 3 3 50922
10515 2 3 3 51748
10527 2 3 3 22248
10528 2 3 3 36580
10542 2 3 3 24045
10544 2 3 3 27000
10548 2 3 3 81046
10549 2 3 3 76800
10550 2 3 3 69599
10551 2 3 3 42822
10553 2 3 3 78256
10556 2 3 3 41292
10566 2 3 3 60096
10576 2 3 3 23184
10581 2 3 3 83490
10591 2 3 3 81696
10592 2 3 3 85946
10597 2 3 3 49712
10602 2 3 3 85884
10603 2 3 3 40320
10604 2 3 3 46800
10605 2 3 3 45450
10612 2 3 3 68643
10614 2 3 3 23085
10616 2 3 3 85800
10618 2 3 3 26334
10623 2 3 3 42394
10625 2 3 3 47894
10630 2 3 3 37476
10632 2 3 3 47502
10633 2 3 3 78680
10635 2 3 3 21528
10666 2 3 3 85440
10670 2 3 3 70980
10674 2 3 3 28056
10694 2 3 3 74694
10699 2 3 3 61635
10706 2 3 3 28560
10708 2 3 3 45504
10709 2 3 3 75240
10710 2 3 3 31713
10714 2 3 3 59512
10717 2 3 3 70000
10725 2 3 3 79080
10727 2 3 3 66120
10739 2 3 3 87108
10740 2 3 3 66220
10743 2 3 3 68724
10752 2 3 3 68704
10754 2 3 3 46410
10761 2 3 3 70300
10773 2 3 3 29406
10775 2 3 3 23364
10779 2 3 3 21504
10785 2 3 3 75456
10786 2 3 3 54384
10791 2 3 3 29488
10793 2 3 3 39105
10794 2 3 3 31892
10801 2 3 3 24570
10807 2 3 3 31417
10819 2 3 3 60210
10820 2 3 3 35360
10827 2 3 3 73340
10830 2 3 3 89460
10847 2 3 3 51504
10848 2 3 3 33654
10850 2 3 3 49220
10860 2 3 3 38850
10862 2 3 3 54720
10868 2 3 3 32214
10869 2 3 3 39360
10873 2 3 3 79200
10874 2 3 3 71760
10876 2 3 3 41685
10883 2 3 3 72412
10884 2 3 3 20592
10885 2 3 3 28200
10891 2 3 3 38493
10892 2 3 3 86376
10896 2 3 3 35328
10898 2 3 3 46035
10899 2 3 3 36771
10900 2 3 3 47346
10903 2 3 3 25083
10905 2 3 3 69420
10909 2 3 3 49350
10913 2 3 3 33210
10921 2 3 3 28608
10928 2 3 3 34030
10935 2 3 3 44118
10942 2 3 3 39192
10946 2 3 3 66670
10948 2 3 3 22032
10953 2 3 3 66864
10954 2 3 3 55328
10960 2 3 3 34800
10961 2 3 3 50976
10969 2 3 3 29260
10974 2 3 3 40464
10990 2 3 3 55266
11000 2 3 3 63360
11003 2 3 3 20610
11011 2 3 3 62800
11019 2 3 3 37692
11033 2 3 3 29160
11035 2 3 3 41420
11041 2 3 3 84942
11045 2 3 3 30305
11046 2 3 3 41902
11048 2 3 3 21672
11051 2 3 3 42588
11053 2 3 3 21984
11060 2 3 3 42330
11073 2 3 3 84900
11074 2 3 3 82010
11077 2 3 3 38745
11080 2 3 3 24300
11085 2 3 3 67584
11089 2 3 3 39916
11091 2 3 3 50388
11103 2 3 3 83352
11110 2 3 3 40071
11112 2 3 3 24198
11119 2 3 3 30396
11121 2 3 3 31165
11124 2 3 3 71610
11127 2 3 3 24644
11130 2 3 3 41832
11134 2 3 3 44415
11135 2 3 3 38908
11137 2 3 3 43320
11147 2 3 3 83160
11149 2 3 3 41808
11153 2 3 3 51600
11160 2 3 3 36192
11161 2 3 3 25340
11171 2 3 3 29652
11174 2 3 3 38232
11180 2 3 3 37200
11187 2 3 3 45738
11190 2 3 3 72576
11197 2 3 3 38784
11199 2 3 3 25380
11201 2 3 3 87360
11202 2 3 3 79806
11206 2 3 3 43596
11215 2 3 3 29470
11221 2 3 3 67488
11223 2 3 3 24255
11228 2 3 3 25960
11235 2 3 3 66834
11236 2 3 3 66600
11247 2 3 3 29667
11252 2 3 3 70500
11253 2 3 3 25584
11267 2 3 3 20250
11281 2 3 3 41818
11285 2 3 3 67832
11286 2 3 3 31878
11287 2 3 3 41296
11297 2 3 3 83980
11302 2 3 3 27048
11303 2 3 3 25795
11308 2 3 3 86944
11318 2 3 3 73700
11325 2 3 3 31208
11327 2 3 3 31320
11330 2 3 3 78430
11331 2 3 3 50160
11332 2 3 3 84420
11346 2 3 3 37526
11348 2 3 3 42336
11350 2 3 3 45684
11378 2 3 3 20112
11388 2 3 3 79404
11389 2 3 3 46248
11391 2 3 3 33024
11392 2 3 3 43900
11398 2 3 3 28224
11401 2 3 3 42642
11402 2 3 3 32900
11405 2 3 3 37788
11406 2 3 3 37450
11411 2 3 3 30456
11420 2 3 3 67228
11422 2 3 3 47748
11435 2 3 3 40500
11447 2 3 3 20194
11457 2 3 3 26370
11462 2 3 3 87204
11474 2 3 3 30702
11482 2 3 3 20970
11489 2 3 3 27390
11495 2 3 3 31734
11498 2 3 3 45588
11503 2 3 3 32062
11505 2 3 3 27432
11516 2 3 3 40936
11528 2 3 3 44161
11536 2 3 3 45549
11545 2 3 3 38100
11546 2 3 3 34440
11559 2 3 3 84018
11566 2 3 3 44604
11577 2 3 3 33288
11584 2 3 3 72240
11585 2 3 3 47085
11595 2 3 3 73836
11602 2 3 3 23193
11616 2 3 3 32805
11622 2 3 3 45548
11628 2 3 3 31920
11631 2 3 3 34884
11635 2 3 3 37050
11640 2 3 3 21594
11648 2 3 3 80817
11657 2 3 3 37398
11663 2 3 3 45870
11670 2 3 3 39655
11678 2 3 3 27360
11690 2 3 3 84800
11698 2 3 3 21172
11711 2 3 3 85278
11717 2 3 3 23212
11726 2 3 3 25776
11737 2 3 3 43428
11745 2 3 3 86892
11753 2 3 3 46872
11754 2 3 3 28535
11755 2 3 3 46008
11764 2 3 3 87360
11772 2 3 3 45117
11777 2 3 3 27022
11788 2 3 3 89700
11789 2 3 3 23841
11802 2 3 3 39744
11806 2 3 3 89718
11807 2 3 3 42085
11811 2 3 3 28208
11813 2 3 3 24624
11818 2 3 3 21948
11823 2 3 3 39762
11826 2 3 3 37530
11837 2 3 3 43068
11850 2 3 3 30150
11855 2 3 3 23655
11877 2 3 3 32886
11882 2 3 3 34965
11891 2 3 3 88400
11898 2 3 3 39075
11902 2 3 3 45600
11904 2 3 3 72135
11907 2 3 3 29498
11918 2 3 3 22707
11933 2 3 3 31584
11950 2 3 3 28280
11956 2 3 3 27324
11979 2 3 3 86240
11997 2 3 3 33408
12018 2 3 3 36542
12020 2 3 3 28248
12023 2 3 3 44520
12030 2 3 3 87210
12039 2 3 3 28900
12057 2 3 3 31464
12064 2 3 3 72098
12080 2 3 3 87000
12088 2 3 3 27064
12103 2 3 3 23700
12117 2 3 3 25340
12143 2 3 3 89310
12153 2 3 3 32190
12157 2 3 3 42910
12173 2 3 3 33669
12178 2 3 3 27048
12198 2 3 3 72960
12237 2 3 3 33360
12242 2 3 3 45762
12251 2 3 3 45012
12271 2 3 3 42812
12274 2 3 3 32188
12278 2 3 3 35640
12293 2 3 3 42435
12316 2 3 3 33072
12320 2 3 3 23730
12349 2 3 3 32016
12391 2 3 3 43225
12398 2 3 3 42394
12409 2 3 3 23562
12412 2 3 3 43320
12500 2 3 3 35164
12524 2 3 3 27520
12547 2 3 3 23850
12614 2 3 3 22221
12658 2 3 3 23490
12722 2 3 3 34164
12780 2 3 3 89562
12792 2 3 3 27494
12929 2 3 3 35720
12941 2 3 3 89238
12992 2 3 3 88660
13091 2 3 3 27650
13168 2 3 3 26565
13171 2 3 3 34920
13212 2 3 3 35100
