0 2 3 2 4800
16 2 3 2 4320
20 2 3 2 3808
45 2 3 2 5184
56 2 3 2 4928
68 2 3 2 5040
103 2 3 2 4704
127 2 3 2 3808
136 2 3 2 3840
155 2 3 2 3808
167 2 3 2 5184
177 2 3 2 3840
185 2 3 2 6720
193 2 3 2 4320
224 2 3 2 5376
238 2 3 2 4896
249 2 3 2 4032
254 2 3 2 4032
318 2 3 2 3920
335 2 3 2 4704
413 2 3 2 3840
479 2 3 2 4032
490 2 3 2 4928
504 2 3 2 4320
555 2 3 2 4200
588 2 3 2 4224
615 2 3 2 5040
629 2 3 2 5824
654 2 3 2 4032
664 2 3 2 6912
688 2 3 2 4000
696 2 3 2 4480
704 2 3 2 3920
710 2 3 2 5184
731 2 3 2 3840
739 2 3 2 4480
744 2 3 2 4536
769 2 3 2 4480
800 2 3 2 4032
839 2 3 2 5184
846 2 3 2 7056
865 2 3 2 4320
869 2 3 2 5712
881 2 3 2 4800
890 2 3 2 5880
894 2 3 2 4032
896 2 3 2 5184
908 2 3 2 5376
921 2 3 2 4032
951 2 3 2 3888
980 2 3 2 6048
1006 2 3 2 5376
1054 2 3 2 5376
1058 2 3 2 4080
1063 2 3 2 4704
1064 2 3 2 4032
1069 2 3 2 5376
1111 2 3 2 4320
1199 2 3 2 4320
1210 2 3 2 4224
1278 2 3 2 5632
1287 2 3 2 4320
1292 2 3 2 4352
1298 2 3 2 4224
1312 2 3 2 4704
1325 2 3 2 5440
1328 2 3 2 6272
1337 2 3 2 5600
1341 2 3 2 4704
1357 2 3 2 4704
1364 2 3 2 5200
1389 2 3 2 4200
1391 2 3 2 6336
1399 2 3 2 4704
1405 2 3 2 6048
1431 2 3 2 4320
1465 2 3 2 4320
1479 2 3 2 5712
1483 2 3 2 4224
1489 2 3 2 5184
1503 2 3 2 6912
1544 2 3 2 6912
1563 2 3 2 4200
1580 2 3 2 4200
1648 2 3 2 4896
1718 2 3 2 4480
1751 2 3 2 4320
1752 2 3 2 5184
1787 2 3 2 4800
1805 2 3 2 5376
1836 2 3 2 4704
1849 2 3 2 5120
1867 2 3 2 4704
1891 2 3 2 4320
1896 2 3 2 4928
1916 2 3 2 4400
1942 2 3 2 5984
2047 2 3 2 5040
2058 2 3 2 4608
2071 2 3 2 5632
2099 2 3 2 5712
2169 2 3 2 4896
2258 2 3 2 4536
2309 2 3 2 4704
2462 2 3 2 6048
2499 2 3 2 5376
2 3 3 2 5376
3 3 3 2 4608
10 3 3 2 7296
11 3 3 2 4480
15 3 3 2 5600
18 3 3 2 4480
19 3 3 2 4480
21 3 3 2 6080
25 3 3 2 4864
31 3 3 2 4800
40 3 3 2 6048
47 3 3 2 7296
49 3 3 2 6144
51 3 3 2 7040
57 3 3 2 7680
68 3 3 2 4480
74 3 3 2 5376
76 3 3 2 5600
84 3 3 2 5328
89 3 3 2 7680
101 3 3 2 5376
102 3 3 2 6720
109 3 3 2 6720
111 3 3 2 4800
113 3 3 2 5760
114 3 3 2 6048
118 3 3 2 6720
122 3 3 2 5184
124 3 3 2 7296
129 3 3 2 5920
130 3 3 2 4608
131 3 3 2 7040
133 3 3 2 5184
134 3 3 2 5328
145 3 3 2 4800
146 3 3 2 6528
148 3 3 2 5600
154 3 3 2 5040
156 3 3 2 6000
157 3 3 2 4992
158 3 3 2 5760
162 3 3 2 4480
168 3 3 2 5184
172 3 3 2 5120
173 3 3 2 7616
180 3 3 2 5760
183 3 3 2 6048
187 3 3 2 7744
189 3 3 2 7680
190 3 3 2 6000
193 3 3 2 4560
206 3 3 2 6048
208 3 3 2 6384
211 3 3 2 7680
217 3 3 2 4800
221 3 3 2 4928
235 3 3 2 5760
239 3 3 2 5472
253 3 3 2 5472
254 3 3 2 6912
255 3 3 2 5600
269 3 3 2 7600
270 3 3 2 5600
280 3 3 2 4704
284 3 3 2 4608
287 3 3 2 5184
288 3 3 2 6720
290 3 3 2 5184
292 3 3 2 7680
293 3 3 2 4608
295 3 3 2 6912
296 3 3 2 6912
298 3 3 2 5472
303 3 3 2 5376
306 3 3 2 6912
308 3 3 2 5760
310 3 3 2 4400
311 3 3 2 6080
325 3 3 2 6912
332 3 3 2 4992
333 3 3 2 7200
335 3 3 2 5376
337 3 3 2 7200
340 3 3 2 5760
341 3 3 2 4608
344 3 3 2 5880
346 3 3 2 4800
347 3 3 2 4800
361 3 3 2 6144
363 3 3 2 4608
365 3 3 2 5440
367 3 3 2 6048
368 3 3 2 6272
371 3 3 2 5040
372 3 3 2 4480
376 3 3 2 4608
378 3 3 2 4608
383 3 3 2 6528
397 3 3 2 6720
398 3 3 2 6720
399 3 3 2 5760
404 3 3 2 5600
416 3 3 2 5280
417 3 3 2 5824
418 3 3 2 6720
426 3 3 2 5760
431 3 3 2 4440
443 3 3 2 6144
459 3 3 2 5040
461 3 3 2 5472
462 3 3 2 6496
480 3 3 2 6720
484 3 3 2 7168
512 3 3 2 6528
522 3 3 2 5824
531 3 3 2 4800
552 3 3 2 4480
554 3 3 2 7296
556 3 3 2 6080
567 3 3 2 7680
578 3 3 2 7200
582 3 3 2 7056
585 3 3 2 4480
587 3 3 2 5376
597 3 3 2 6912
613 3 3 2 4480
643 3 3 2 6384
662 3 3 2 5472
665 3 3 2 7168
688 3 3 2 6080
691 3 3 2 7168
705 3 3 2 4560
706 3 3 2 5472
708 3 3 2 7680
725 3 3 2 6912
732 3 3 2 6720
748 3 3 2 7200
757 3 3 2 6720
758 3 3 2 7680
759 3 3 2 6272
761 3 3 2 6080
764 3 3 2 5440
765 3 3 2 6912
766 3 3 2 6720
767 3 3 2 6144
800 3 3 2 6400
806 3 3 2 5376
808 3 3 2 7680
833 3 3 2 6384
852 3 3 2 6720
884 3 3 2 5376
892 3 3 2 6000
899 3 3 2 5440
960 3 3 2 7296
963 3 3 2 6272
965 3 3 2 7056
968 3 3 2 5376
987 3 3 2 6688
998 3 3 2 7296
1007 3 3 2 7200
1014 3 3 2 7424
1024 3 3 2 6912
1036 3 3 2 6720
1038 3 3 2 6528
1065 3 3 2 7056
1075 3 3 2 7168
1086 3 3 2 6336
1087 3 3 2 7680
1113 3 3 2 6720
1119 3 3 2 6720
1123 3 3 2 7424
1136 3 3 2 7616
1148 3 3 2 6720
1154 3 3 2 6272
1157 3 3 2 6912
1167 3 3 2 6384
1172 3 3 2 6912
1185 3 3 2 7056
1210 3 3 2 7680
1222 3 3 2 7296
1223 3 3 2 6720
1242 3 3 2 5824
1251 3 3 2 6720
1259 3 3 2 6336
1294 3 3 2 7680
1295 3 3 2 7168
1298 3 3 2 5472
1321 3 3 2 7840
1322 3 3 2 5920
1346 3 3 2 7680
1369 3 3 2 6336
1380 3 3 2 6800
1383 3 3 2 6912
1385 3 3 2 7200
1393 3 3 2 6400
1405 3 3 2 6384
1465 3 3 2 7296
1499 3 3 2 7392
1509 3 3 2 7296
1515 3 3 2 6272
1519 3 3 2 6400
1532 3 3 2 6336
1535 3 3 2 7680
1569 3 3 2 6912
1580 3 3 2 6272
1591 3 3 2 6912
1613 3 3 2 7600
1615 3 3 2 7056
1638 3 3 2 6384
1653 3 3 2 6912
1658 3 3 2 6384
1662 3 3 2 6272
1680 3 3 2 7168
1688 3 3 2 7056
1715 3 3 2 6912
1726 3 3 2 7392
1727 3 3 2 7680
1758 3 3 2 7200
1768 3 3 2 7168
1809 3 3 2 7296
1810 3 3 2 7040
1861 3 3 2 7168
1875 3 3 2 6528
1984 3 3 2 7392
2020 3 3 2 7168
2128 3 3 2 6496
2134 3 3 2 5824
2247 3 3 2 7056
2264 3 3 2 5568
2277 3 3 2 5824
2325 3 3 2 5824
2362 3 3 2 6528
2365 3 3 2 5472
2370 3 3 2 5800
2455 3 3 2 5568
2476 3 3 2 7840
36 4 3 2 6400
79 4 3 2 5984
121 4 3 2 5824
135 4 3 2 5824
204 4 3 2 6400
205 4 3 2 5472
220 4 3 2 6400
237 4 3 2 5472
261 4 3 2 5440
289 4 3 2 5984
412 4 3 2 6400
435 4 3 2 5824
447 4 3 2 5544
483 4 3 2 5568
502 4 3 2 6496
713 4 3 2 6528
743 4 3 2 5824
770 4 3 2 7424
771 4 3 2 5472
837 4 3 2 6400
943 4 3 2 6528
1043 4 3 2 6400
1125 4 3 2 5824
1436 4 3 2 7424
3195 2 3 2 4032
3412 2 3 2 4032
3428 2 3 2 4080
3551 2 3 2 4032
3655 2 3 2 4032
3715 2 3 2 4032
3794 2 3 2 4032
3827 2 3 2 4032
3939 2 3 2 4032
4008 2 3 2 4032
4104 2 3 2 4032
3358 2 3 3 7866
3584 2 3 3 7800
3698 2 3 3 7875
4066 2 3 3 7990
3358 2 3 3 7866
3584 2 3 3 7800
3698 2 3 3 7875
4066 2 3 3 7990
10428 2 3 3 7965
10483 2 3 3 7550
15676 2 3 3 7800
15763 2 3 3 7575
15777 2 3 3 7830
15937 2 3 3 7470
15988 2 3 3 7812
16180 2 3 3 7800
16928 2 3 3 7840
17667 2 3 3 7532
17918 2 3 3 7425
18142 2 3 3 7830
18149 2 3 3 7410
18306 2 3 3 7925
18473 2 3 3 7800
18539 2 3 3 7587
18584 2 3 3 7912
15763 2 3 3 7575
15937 2 3 3 7470
17667 2 3 3 7532
17918 2 3 3 7425
18149 2 3 3 7410
18539 2 3 3 7587
30724 2 3 3 7420
31223 2 3 3 7530
31224 2 3 3 7560
