0 2 3 4 1156896
2 2 3 4 623930
3 2 3 4 620464
4 2 3 4 998760
5 2 3 4 690624
7 2 3 4 506076
8 2 3 4 1090518
10 2 3 4 904042
13 2 3 4 799680
15 2 3 4 1178672
16 2 3 4 1148264
18 2 3 4 882640
22 2 3 4 770224
23 2 3 4 451052
26 2 3 4 1370880
27 2 3 4 973080
29 2 3 4 794228
32 2 3 4 953874
34 2 3 4 815184
36 2 3 4 1074472
37 2 3 4 812288
38 2 3 4 1305372
39 2 3 4 607932
41 2 3 4 1024460
42 2 3 4 795108
43 2 3 4 613002
44 2 3 4 609312
45 2 3 4 964302
48 2 3 4 607880
49 2 3 4 651820
54 2 3 4 1232972
55 2 3 4 593180
57 2 3 4 646800
63 2 3 4 1011904
64 2 3 4 519640
65 2 3 4 1140720
66 2 3 4 727364
67 2 3 4 1070796
68 2 3 4 1134000
69 2 3 4 617400
70 2 3 4 937580
71 2 3 4 1194048
75 2 3 4 721344
78 2 3 4 857940
82 2 3 4 638820
85 2 3 4 1185984
86 2 3 4 891268
90 2 3 4 533800
93 2 3 4 655620
94 2 3 4 1133568
95 2 3 4 1140876
96 2 3 4 931296
99 2 3 4 889876
100 2 3 4 763820
102 2 3 4 408828
103 2 3 4 561904
104 2 3 4 891420
105 2 3 4 1074480
106 2 3 4 1178240
108 2 3 4 1188810
109 2 3 4 1252520
110 2 3 4 524064
111 2 3 4 912748
114 2 3 4 567712
115 2 3 4 1264200
118 2 3 4 619824
119 2 3 4 545992
120 2 3 4 731916
121 2 3 4 1151648
122 2 3 4 990432
123 2 3 4 1375920
126 2 3 4 961316
127 2 3 4 1088172
128 2 3 4 700640
129 2 3 4 881832
131 2 3 4 871740
134 2 3 4 1353156
135 2 3 4 608080
136 2 3 4 832656
137 2 3 4 427176
138 2 3 4 634752
141 2 3 4 529200
144 2 3 4 1197272
146 2 3 4 561660
147 2 3 4 870696
149 2 3 4 1220100
152 2 3 4 582820
157 2 3 4 1069200
158 2 3 4 547344
161 2 3 4 1040760
162 2 3 4 673904
163 2 3 4 687960
164 2 3 4 635040
165 2 3 4 733176
167 2 3 4 894140
168 2 3 4 1346436
169 2 3 4 632730
170 2 3 4 1064280
173 2 3 4 876040
174 2 3 4 1133540
176 2 3 4 554584
177 2 3 4 408336
180 2 3 4 1002740
182 2 3 4 973056
183 2 3 4 887400
185 2 3 4 766300
186 2 3 4 1041836
187 2 3 4 630300
188 2 3 4 842688
190 2 3 4 1382116
191 2 3 4 498960
192 2 3 4 963256
193 2 3 4 477240
195 2 3 4 852416
197 2 3 4 1135680
199 2 3 4 1030606
200 2 3 4 1016496
204 2 3 4 930340
206 2 3 4 718584
208 2 3 4 573760
212 2 3 4 1169260
214 2 3 4 1123648
216 2 3 4 567474
217 2 3 4 480236
218 2 3 4 402336
220 2 3 4 871380
223 2 3 4 890460
224 2 3 4 702294
227 2 3 4 580992
228 2 3 4 1337720
231 2 3 4 1042440
233 2 3 4 951740
234 2 3 4 1266330
235 2 3 4 729372
238 2 3 4 924000
240 2 3 4 733150
243 2 3 4 826980
244 2 3 4 873868
247 2 3 4 766044
248 2 3 4 1265280
250 2 3 4 1068624
253 2 3 4 719040
255 2 3 4 1399592
257 2 3 4 722085
259 2 3 4 564672
261 2 3 4 1352400
266 2 3 4 490210
269 2 3 4 1022072
270 2 3 4 577192
272 2 3 4 480352
273 2 3 4 462264
275 2 3 4 1243108
276 2 3 4 1044200
285 2 3 4 1273320
288 2 3 4 934920
289 2 3 4 989016
291 2 3 4 1095664
292 2 3 4 1306820
294 2 3 4 724672
297 2 3 4 975616
298 2 3 4 1134360
301 2 3 4 1024232
306 2 3 4 1345920
309 2 3 4 530692
314 2 3 4 990432
315 2 3 4 989708
318 2 3 4 703360
319 2 3 4 1272068
320 2 3 4 1278708
324 2 3 4 1120112
329 2 3 4 1270620
331 2 3 4 1267016
334 2 3 4 1387908
337 2 3 4 537864
338 2 3 4 1340848
359 2 3 4 423672
364 2 3 4 1315960
371 2 3 4 1240096
377 2 3 4 417480
380 2 3 4 1373592
386 2 3 4 1171432
393 2 3 4 495216
394 2 3 4 494344
413 2 3 4 1230076
418 2 3 4 1276894
444 2 3 4 1222368
448 2 3 4 1289960
452 2 3 4 1294720
477 2 3 4 1277760
482 2 3 4 1326368
491 2 3 4 477840
518 2 3 4 1223040
528 2 3 4 459888
575 2 3 4 460752
579 2 3 4 488040
588 2 3 4 1392300
625 2 3 4 1351104
632 2 3 4 471240
709 2 3 4 1383312
723 2 3 4 1358948
