18 2 3 3 14560
28 2 3 3 16218
41 2 3 3 12908
43 2 3 3 10528
48 2 3 3 13636
53 2 3 3 18600
61 2 3 3 12690
65 2 3 3 14418
82 2 3 3 15741
86 2 3 3 10534
97 2 3 3 13260
102 2 3 3 11637
115 2 3 3 18876
123 2 3 3 15075
139 2 3 3 10758
182 2 3 3 10050
192 2 3 3 13680
201 2 3 3 10475
208 2 3 3 10528
213 2 3 3 16770
215 2 3 3 18810
220 2 3 3 13850
241 2 3 3 12140
292 2 3 3 16524
304 2 3 3 19560
311 2 3 3 9600
347 2 3 3 18200
349 2 3 3 18126
359 2 3 3 17818
360 2 3 3 16740
377 2 3 3 11520
392 2 3 3 15180
402 2 3 3 9557
421 2 3 3 12936
431 2 3 3 15378
437 2 3 3 11648
444 2 3 3 14336
457 2 3 3 10620
464 2 3 3 14118
482 2 3 3 19020
522 2 3 3 16524
528 2 3 3 10230
531 2 3 3 13257
540 2 3 3 17922
543 2 3 3 15600
557 2 3 3 15390
577 2 3 3 15875
579 2 3 3 13833
614 2 3 3 11700
619 2 3 3 14520
660 2 3 3 18752
662 2 3 3 10353
668 2 3 3 18798
689 2 3 3 18000
694 2 3 3 15290
706 2 3 3 12099
713 2 3 3 16112
718 2 3 3 10494
728 2 3 3 12090
730 2 3 3 10165
742 2 3 3 17880
750 2 3 3 12690
756 2 3 3 16737
761 2 3 3 11352
795 2 3 3 19182
823 2 3 3 16836
828 2 3 3 18720
834 2 3 3 15012
838 2 3 3 9595
892 2 3 3 13475
893 2 3 3 9671
899 2 3 3 10368
901 2 3 3 15180
902 2 3 3 19712
903 2 3 3 14000
939 2 3 3 14697
965 2 3 3 17004
981 2 3 3 17850
990 2 3 3 13446
995 2 3 3 19380
998 2 3 3 17700
999 2 3 3 13518
1016 2 3 3 18000
1017 2 3 3 14820
1021 2 3 3 12336
1029 2 3 3 10980
1036 2 3 3 11960
1039 2 3 3 16308
1048 2 3 3 14580
1053 2 3 3 14628
1065 2 3 3 12875
1072 2 3 3 17034
1076 2 3 3 17136
1104 2 3 3 11786
1107 2 3 3 10773
1164 2 3 3 13311
1179 2 3 3 15196
1181 2 3 3 10716
1183 2 3 3 16704
1184 2 3 3 13014
1191 2 3 3 17685
1226 2 3 3 15960
1236 2 3 3 18414
1246 2 3 3 18684
1249 2 3 3 18755
1254 2 3 3 11010
1265 2 3 3 17125
1270 2 3 3 18125
1273 2 3 3 16128
1274 2 3 3 16173
1277 2 3 3 11700
1280 2 3 3 18810
1285 2 3 3 11700
1302 2 3 3 15181
1309 2 3 3 18762
1314 2 3 3 16950
1332 2 3 3 16551
1333 2 3 3 16638
1339 2 3 3 15750
1342 2 3 3 11592
1349 2 3 3 14946
1430 2 3 3 12098
1462 2 3 3 19380
1471 2 3 3 17950
1473 2 3 3 17496
1485 2 3 3 15010
1515 2 3 3 15903
1553 2 3 3 13300
1558 2 3 3 12210
1559 2 3 3 11050
1577 2 3 3 13200
1649 2 3 3 11907
1658 2 3 3 12480
1662 2 3 3 9600
1682 2 3 3 14040
1687 2 3 3 10614
1688 2 3 3 18500
1696 2 3 3 12582
1700 2 3 3 14628
1713 2 3 3 19504
1716 2 3 3 19200
1735 2 3 3 9918
1753 2 3 3 17940
1761 2 3 3 10260
1762 2 3 3 10317
1772 2 3 3 12166
1779 2 3 3 17182
1835 2 3 3 11088
1840 2 3 3 16536
1841 2 3 3 15864
1842 2 3 3 16974
1884 2 3 3 12264
1893 2 3 3 11790
1900 2 3 3 12348
1907 2 3 3 18210
1928 2 3 3 13205
1935 2 3 3 13680
1943 2 3 3 16695
1947 2 3 3 12720
1950 2 3 3 14392
1959 2 3 3 12312
1969 2 3 3 15080
1975 2 3 3 16000
1990 2 3 3 10792
1995 2 3 3 19005
2002 2 3 3 13203
2011 2 3 3 14136
2012 2 3 3 15288
2037 2 3 3 13520
2040 2 3 3 15008
2049 2 3 3 12488
2052 2 3 3 16284
2056 2 3 3 15450
2061 2 3 3 17856
2072 2 3 3 11130
2079 2 3 3 10032
2101 2 3 3 15428
2102 2 3 3 15120
2133 2 3 3 16218
2147 2 3 3 17316
2154 2 3 3 18063
2168 2 3 3 15260
2220 2 3 3 17818
2232 2 3 3 18870
2257 2 3 3 17388
2274 2 3 3 15120
2278 2 3 3 15540
2304 2 3 3 16638
2306 2 3 3 17500
2307 2 3 3 13020
2332 2 3 3 14820
2372 2 3 3 15960
2375 2 3 3 17100
2387 2 3 3 16929
2396 2 3 3 10998
2409 2 3 3 18096
2414 2 3 3 10290
2418 2 3 3 18720
2424 2 3 3 16074
2425 2 3 3 17516
2436 2 3 3 16767
2442 2 3 3 13110
2450 2 3 3 10332
2453 2 3 3 19460
2455 2 3 3 9548
2458 2 3 3 15228
2465 2 3 3 18048
2468 2 3 3 15372
2475 2 3 3 14100
2477 2 3 3 13952
1 3 3 3 11220
4 3 3 3 11283
24 3 3 3 10351
34 3 3 3 11355
36 3 3 3 18624
56 3 3 3 14712
75 3 3 3 19876
81 3 3 3 19558
83 3 3 3 10512
90 3 3 3 12354
95 3 3 3 18558
105 3 3 3 17196
125 3 3 3 15552
141 3 3 3 12352
143 3 3 3 17823
147 3 3 3 13824
163 3 3 3 19656
165 3 3 3 14736
192 3 3 3 12144
198 3 3 3 14016
210 3 3 3 17619
222 3 3 3 11448
242 3 3 3 13440
243 3 3 3 14868
257 3 3 3 19548
5063 2 3 3 16767
5067 2 3 3 8343
5082 2 3 3 12096
5088 2 3 3 11616
5097 2 3 3 14310
5119 2 3 3 18425
5123 2 3 3 8232
5136 2 3 3 12366
5140 2 3 3 9520
5148 2 3 3 13760
5157 2 3 3 14775
5181 2 3 3 8840
5182 2 3 3 14283
5185 2 3 3 14400
5187 2 3 3 8100
5205 2 3 3 14400
5219 2 3 3 9483
5238 2 3 3 9184
5254 2 3 3 12720
5265 2 3 3 17712
5267 2 3 3 9072
5275 2 3 3 15900
5280 2 3 3 15962
5285 2 3 3 12224
5291 2 3 3 14700
5302 2 3 3 12298
5325 2 3 3 13176
5331 2 3 3 13972
5340 2 3 3 16660
5351 2 3 3 8235
5354 2 3 3 18325
5358 2 3 3 15616
5380 2 3 3 12616
5383 2 3 3 14892
5400 2 3 3 10325
5445 2 3 3 8064
5455 2 3 3 14580
5463 2 3 3 16770
5467 2 3 3 12900
5471 2 3 3 18225
5493 2 3 3 12875
5496 2 3 3 16772
5517 2 3 3 14469
5527 2 3 3 9600
5537 2 3 3 13182
5567 2 3 3 12090
5594 2 3 3 12719
5623 2 3 3 10230
5645 2 3 3 15690
5658 2 3 3 10700
5669 2 3 3 10110
5673 2 3 3 16443
5678 2 3 3 11748
5686 2 3 3 10602
5687 2 3 3 13840
5690 2 3 3 14425
5697 2 3 3 12960
5698 2 3 3 14958
5724 2 3 3 18480
5739 2 3 3 17632
5745 2 3 3 13824
5757 2 3 3 9062
5762 2 3 3 17220
5763 2 3 3 9492
5766 2 3 3 8112
5771 2 3 3 9600
5774 2 3 3 15500
5775 2 3 3 13419
5777 2 3 3 17940
5782 2 3 3 15948
5790 2 3 3 11781
5792 2 3 3 14000
5795 2 3 3 14496
5797 2 3 3 13175
5821 2 3 3 17879
5832 2 3 3 10197
5838 2 3 3 9723
5859 2 3 3 9387
5911 2 3 3 10710
5924 2 3 3 15912
5936 2 3 3 12720
5979 2 3 3 9330
5987 2 3 3 13700
5990 2 3 3 9964
5995 2 3 3 12936
6027 2 3 3 10710
6034 2 3 3 11130
6065 2 3 3 17670
6086 2 3 3 16146
6087 2 3 3 10896
6099 2 3 3 13110
6123 2 3 3 17434
6127 2 3 3 17457
6128 2 3 3 13777
6137 2 3 3 15660
6159 2 3 3 11562
6160 2 3 3 13002
6168 2 3 3 11550
6175 2 3 3 8388
6192 2 3 3 13888
6225 2 3 3 14580
6230 2 3 3 8825
6253 2 3 3 18135
6259 2 3 3 14280
6305 2 3 3 12933
6316 2 3 3 18126
6323 2 3 3 12863
6327 2 3 3 16240
6345 2 3 3 8235
6350 2 3 3 12690
6367 2 3 3 8944
6385 2 3 3 12630
6406 2 3 3 9504
6423 2 3 3 14283
6428 2 3 3 9575
6475 2 3 3 11496
6481 2 3 3 14700
6495 2 3 3 9700
6512 2 3 3 11637
6513 2 3 3 11025
6520 2 3 3 15510
6544 2 3 3 13710
6545 2 3 3 9184
6548 2 3 3 12988
6555 2 3 3 9800
6588 2 3 3 15736
6590 2 3 3 8832
6614 2 3 3 10108
6631 2 3 3 13104
6657 2 3 3 17880
6682 2 3 3 11648
6700 2 3 3 8235
6705 2 3 3 10741
6730 2 3 3 14950
6769 2 3 3 9956
6805 2 3 3 18018
6815 2 3 3 16038
6818 2 3 3 14100
6841 2 3 3 11784
6845 2 3 3 11172
6846 2 3 3 10152
6868 2 3 3 17442
6870 2 3 3 13728
6871 2 3 3 10945
6886 2 3 3 16074
6895 2 3 3 11130
6900 2 3 3 10500
6927 2 3 3 8512
6931 2 3 3 11529
6957 2 3 3 13728
6983 2 3 3 17226
6992 2 3 3 8712
7011 2 3 3 18495
7018 2 3 3 17280
7049 2 3 3 17290
7074 2 3 3 17225
7082 2 3 3 11232
7092 2 3 3 8970
7105 2 3 3 17319
7144 2 3 3 13650
7160 2 3 3 9306
7197 2 3 3 18048
7201 2 3 3 11336
7233 2 3 3 9310
7311 2 3 3 17016
7361 2 3 3 10150
7398 2 3 3 11136
7421 2 3 3 18441
7434 2 3 3 9720
7454 2 3 3 16284
7487 2 3 3 9350
7493 2 3 3 16320
7626 2 3 3 9828
7912 2 3 3 8876
7970 2 3 3 8246
8024 2 3 3 11112
8150 2 3 3 11043
8151 2 3 3 11016
8199 2 3 3 8428
8281 2 3 3 9000
8339 2 3 3 9828
8344 2 3 3 8875
8626 2 3 3 16200
8763 2 3 3 8008
8946 2 3 3 8208
8954 2 3 3 8736
9451 2 3 3 8406
9462 2 3 3 8760
9463 2 3 3 8700
9530 2 3 3 16352
9581 2 3 3 16400
9589 2 3 3 8350
9622 2 3 3 8190
9694 2 3 3 8142
9805 2 3 3 16050
9867 2 3 3 8512
10080 2 3 3 8932
10095 2 3 3 8874
10278 2 3 3 8712
10401 2 3 3 9093
10482 2 3 3 8190
10491 2 3 3 8816
15112 2 3 2 8400
15207 2 3 2 8064
15513 2 3 2 9408
15551 2 3 2 9216
15070 2 3 3 18720
15083 2 3 3 18700
15234 2 3 3 18966
15274 2 3 3 9390
15353 2 3 3 9443
15505 2 3 3 19572
15636 2 3 3 19140
15638 2 3 3 19375
15666 2 3 3 19740
15919 2 3 3 19410
15922 2 3 3 19706
15927 2 3 3 8904
16071 2 3 3 18990
16108 2 3 3 19646
16113 2 3 3 8832
16133 2 3 3 9324
16172 2 3 3 18720
16527 2 3 3 19734
16549 2 3 3 9126
16558 2 3 3 19110
16560 2 3 3 19074
16582 2 3 3 9295
16655 2 3 3 19950
16730 2 3 3 8950
16892 2 3 3 19650
17120 2 3 3 19521
17125 2 3 3 19110
17355 2 3 3 19110
17371 2 3 3 19950
17427 2 3 3 19400
17906 2 3 3 19600
18261 2 3 3 19780
18496 2 3 3 19675
18659 2 3 3 19372
18820 2 3 3 19182
18897 2 3 3 19899
18962 2 3 3 19118
19137 2 3 3 19440
19489 2 3 3 19100
