821 2 3 3 48222
298 2 3 3 48285
1145 2 3 3 48400
746 2 3 3 48735
989 2 3 3 48750
878 2 3 3 48760
131 2 3 3 48848
206 2 3 3 48970
627 2 3 3 49329
458 2 3 3 49500
280 2 3 3 50388
607 2 3 3 50481
914 2 3 3 50634
1142 2 3 3 50687
1098 2 3 3 50694
645 2 3 3 50820
1127 2 3 3 50868
1061 2 3 3 51456
584 2 3 3 51566
1052 2 3 3 51585
1445 2 3 3 52002
1274 3 3 3 52033
831 3 3 3 52272
1117 2 3 3 52302
1041 2 3 3 52320
558 3 3 3 52444
100 2 3 3 52734
741 3 3 3 52776
1428 2 3 3 52800
241 3 3 3 52836
0 3 3 3 52988
1498 3 3 3 53032
1210 2 3 3 53054
1029 3 3 3 53106
1188 2 3 3 53808
458 3 3 3 53820
1062 2 3 3 53878
1196 2 3 3 54055
1086 2 3 3 54112
103 2 3 3 54600
901 3 3 3 54612
1110 3 3 3 54756
165 2 3 3 55084
569 2 3 3 55143
1330 2 3 3 55308
1108 2 3 3 55572
1156 3 3 3 55638
305 2 3 3 55680
291 2 3 3 55980
592 2 3 3 56070
1494 2 3 3 56232
1045 2 3 3 56522
255 2 3 3 56642
1199 2 3 3 56776
435 2 3 3 56784
97 3 3 3 56784
446 3 3 3 56952
1273 3 3 3 56994
953 2 3 3 57120
630 3 3 3 57204
517 2 3 3 57246
1218 2 3 3 57333
690 2 3 3 57620
1149 2 3 3 57760
603 2 3 3 57760
1359 2 3 3 57820
441 2 3 3 57942
94 2 3 3 57960
57 2 3 3 58045
737 2 3 3 58098
88 3 3 3 58116
149 2 3 3 58300
1028 2 3 3 58312
525 2 3 3 58374
1128 2 3 3 58656
849 2 3 3 58764
797 3 3 3 58962
1099 2 3 3 59058
276 2 3 3 59124
254 2 3 3 59160
457 3 3 3 59172
1228 3 3 3 59232
245 2 3 3 59400
933 2 3 3 59670
249 2 3 3 59690
1066 3 3 3 60012
665 2 3 3 60030
1021 3 3 3 60156
1202 2 3 3 60515
661 3 3 3 60648
1367 2 3 3 60894
946 3 3 3 61056
394 2 3 3 61134
688 2 3 3 61400
1211 2 3 3 61704
1027 2 3 3 61758
1230 2 3 3 62160
967 2 3 3 62208
297 2 3 3 62238
491 3 3 3 62244
504 2 3 3 62376
47 2 3 3 62664
207 2 3 3 62784
932 3 3 3 62856
853 2 3 3 62890
972 2 3 3 63360
561 2 3 3 63500
813 2 3 3 63600
1110 2 3 3 63662
1488 2 3 3 63882
741 2 3 3 64050
1338 2 3 3 64068
613 2 3 3 64260
995 3 3 3 64260
413 2 3 3 64320
1040 2 3 3 64512
1215 3 3 3 64512
462 2 3 3 64584
110 2 3 3 64640
624 3 3 3 64656
361 2 3 3 65048
779 2 3 3 65268
1030 2 3 3 65274
954 2 3 3 65340
886 2 3 3 65372
880 2 3 3 65472
1180 2 3 3 65625
641 2 3 3 65772
730 3 3 3 65814
896 2 3 3 65826
1342 3 3 3 66273
837 2 3 3 66528
228 2 3 3 67155
1069 2 3 3 67320
636 3 3 3 67704
1308 2 3 3 67758
717 3 3 3 67788
10 2 3 3 67830
881 2 3 3 67830
390 2 3 3 67840
515 2 3 3 68076
1256 2 3 3 68096
938 3 3 3 68289
447 2 3 3 68580
663 2 3 3 68850
1154 2 3 3 68952
1360 2 3 3 69000
1208 3 3 3 69168
509 3 3 3 69384
1077 2 3 3 69484
111 2 3 3 69828
367 2 3 3 69875
1172 2 3 3 70200
483 2 3 3 70200
1299 2 3 3 70560
155 2 3 3 70560
1208 2 3 3 70626
728 3 3 3 70848
364 2 3 3 71190
119 3 3 3 71253
1460 3 3 3 71532
446 2 3 3 72000
884 2 3 3 72080
1022 2 3 3 72090
1456 2 3 3 72468
1410 2 3 3 72800
519 2 3 3 73450
588 2 3 3 73670
917 3 3 3 73755
477 2 3 3 74025
369 2 3 3 74292
820 2 3 3 74508
873 2 3 3 75050
424 3 3 3 75240
71 2 3 3 75272
1111 2 3 3 75294
1173 2 3 3 75335
167 2 3 3 75516
1259 2 3 3 75600
391 2 3 3 75648
434 3 3 3 75771
623 2 3 3 75840
1390 2 3 3 76050
1146 3 3 3 76112
766 2 3 3 76440
792 2 3 3 76500
1213 2 3 3 76650
942 2 3 3 76650
140 3 3 3 76788
418 2 3 3 77115
233 2 3 3 77220
610 2 3 3 77724
918 3 3 3 77814
1416 2 3 3 77970
652 2 3 3 78204
176 2 3 3 78318
49 2 3 3 78336
479 2 3 3 78600
246 2 3 3 78705
497 2 3 3 78948
1082 2 3 3 79182
273 2 3 3 79320
1441 2 3 3 79440
657 2 3 3 79488
848 3 3 3 79488
1312 2 3 3 79905
1013 2 3 3 80332
1286 2 3 3 80370
369 3 3 3 80388
1276 2 3 3 80476
1301 2 3 3 80484
1088 2 3 3 80730
136 2 3 3 80889
340 2 3 3 81000
811 2 3 3 81000
869 2 3 3 81048
1190 3 3 3 81096
1337 2 3 3 81415
574 2 3 3 81792
852 2 3 3 82200
1195 3 3 3 82416
110 3 3 3 82764
1314 3 3 3 83025
263 2 3 3 83025
930 2 3 3 83106
1134 2 3 3 83346
411 2 3 3 83440
1364 3 3 3 83448
1116 2 3 3 83662
647 2 3 3 83764
293 2 3 3 83916
245 3 3 3 84240
13 2 3 3 84524
1340 2 3 3 85008
485 2 3 3 85020
632 2 3 3 85050
959 2 3 3 85100
275 2 3 3 85146
1083 2 3 3 85176
609 2 3 3 85440
683 2 3 3 86010
1161 3 3 3 86496
1248 2 3 3 86496
1209 2 3 3 86526
1465 2 3 3 86920
126 2 3 3 86976
1190 2 3 3 87132
684 2 3 3 87570
1288 2 3 3 88032
371 2 3 3 88192
1374 3 3 3 88740
1242 2 3 3 88893
1074 2 3 3 88956
890 2 3 3 89540
1024 2 3 3 89856
537 2 3 3 89856
1451 2 3 3 89964
